mln , 5564 , 100.0 , 100.0
dlr , 3554 , 63.868416322128354 , 63.868416322128354
ct , 2540 , 45.64084127269459 , 45.64084127269459
net , 2419 , 43.46575588711127 , 43.44901792070157
shr , 1923 , 34.549703397447416 , 34.549703397447416
pct , 1822 , 32.73413625741507 , 32.73413625741507
share , 1600 , 28.74348373179939 , 28.626041118788617
april , 1473 , 26.46054287255078 , 26.46054287255078
billion , 1438 , 25.831385942836597 , 25.55740612824316
compani , 1389 , 24.950566241236743 , 24.950566241236743
loss , 1228 , 22.0564443645515 , 21.852738593311575
year , 1359 , 24.4112888729103 , 20.942159256240593
market , 1143 , 20.528491820959914 , 20.497743523122143
june , 1076 , 19.324105698364193 , 19.324105698364193
bank , 1026 , 18.42531008448679 , 18.179700396798726
qtr , 1000 , 17.957936365270537 , 17.957936365270537
rate , 973 , 17.47258673377674 , 17.448219558707958
oil , 950 , 17.059140751393134 , 16.74366548482468
stock , 931 , 16.71759841811972 , 16.493260652493003
trade , 915 , 16.429983821678952 , 16.38573804225158
corp , 892 , 16.016537839295346 , 16.016537839295346
sale , 837 , 15.0278626640302 , 14.980317399358837
profit , 834 , 14.973934927197554 , 14.897329684510657
tonn , 823 , 14.776199892144525 , 14.776199892144525
price , 825 , 14.812151716699622 , 14.451032814506894
rev , 769 , 13.805500629156931 , 13.805500629156931
oct , 760 , 13.643717418658996 , 13.643717418658996
oper , 738 , 13.248247348552939 , 13.248247348552939
export , 725 , 13.014560488944815 , 12.99578020016951
note , 727 , 13.05051231349991 , 12.869676014260651
nil , 631 , 11.324824734855293 , 11.324824734855293
offer , 627 , 11.252921085745102 , 11.19965277995589
product , 639 , 11.468632033075679 , 11.169055111499949
includ , 608 , 10.911378752471688 , 10.911378752471688
end , 613 , 11.001258313859429 , 10.691624089256615
unit , 598 , 10.731619629696207 , 10.567271679688627
mth , 580 , 10.408053208700343 , 10.408053208700343
group , 602 , 10.8035232788064 , 9.78435903342636
report , 561 , 10.066510875426928 , 9.711151322305216
month , 581 , 10.426029120977889 , 9.709809359829759
japan , 541 , 9.706992629875966 , 9.706992629875966
dollar , 537 , 9.635088980765774 , 9.635088980765774
import , 511 , 9.167715261549523 , 9.15832511716187
industri , 510 , 9.149739349271975 , 9.149739349271975
offici , 506 , 9.077835700161783 , 9.077835700161783
wheat , 504 , 9.041883875606688 , 9.038003463112032
interest , 525 , 9.419378033435196 , 9.002993888029104
blah , 495 , 8.880100665108754 , 8.880100665108754
expect , 504 , 9.041883875606688 , 8.630283303030266
washington , 478 , 8.574510156390437 , 8.574510156390437
agreement , 474 , 8.502606507280245 , 8.351628961026181
total , 465 , 8.340823296782311 , 8.29687251947442
increas , 455 , 8.161064174006832 , 8.161064174006832
avg , 436 , 7.819521840733418 , 7.819521840733418
plan , 440 , 7.891425489843609 , 7.660171059138699
quarter , 415 , 7.442027682904907 , 7.341046188160937
york , 409 , 7.334172209239618 , 7.334172209239618
state , 417 , 7.477979507460003 , 7.282361332787887
acquir , 394 , 7.064533525076398 , 7.064533525076398
week , 437 , 7.837497753010965 , 6.955246260527165
gulf , 385 , 6.902750314578466 , 6.902750314578466
exchang , 383 , 6.866798490023368 , 6.866798490023368
meet , 410 , 7.352148121517168 , 6.790001159630534
govern , 366 , 6.561207981305051 , 6.548531967155841
st , 354 , 6.345497033974475 , 6.345497033974475
dai , 348 , 6.237641560309186 , 6.237641560309186
cut , 352 , 6.309545209419378 , 6.21672392714955
secur , 343 , 6.147761998921445 , 6.147761998921445
acquisit , 338 , 6.057882437533705 , 6.057882437533705
term , 349 , 6.255617472586734 , 5.991989963139859
grain , 333 , 5.968002876145964 , 5.9469215708387395
bui , 327 , 5.860147402480676 , 5.860147402480676
west , 340 , 6.093834262088801 , 5.851959755082727
told , 324 , 5.806219665648031 , 5.806219665648031
loan , 327 , 5.860147402480676 , 5.780955218130675
tax , 335 , 6.003954700701061 , 5.6597643816721535
reserv , 312 , 5.590508718317454 , 5.590508718317454
todai , 309 , 5.53658098148481 , 5.53658098148481
rise , 310 , 5.554556893762359 , 5.494739540920762
ad , 309 , 5.53658098148481 , 5.463107299758512
nation , 323 , 5.788243753370483 , 5.369172819430081
analyst , 301 , 5.3927736832644255 , 5.312047487893145
busi , 295 , 5.2849182095991365 , 5.2849182095991365
agre , 295 , 5.2849182095991365 , 5.2849182095991365
polici , 291 , 5.213014560488944 , 5.213014560488944
iran , 291 , 5.213014560488944 , 5.213014560488944
suppli , 290 , 5.195038648211397 , 5.195038648211397
continu , 289 , 5.177062735933849 , 5.177062735933849
gain , 288 , 5.159086823656301 , 5.109403928242267
invest , 288 , 5.159086823656301 , 5.099156008461059
purchas , 282 , 5.051231349991013 , 5.051231349991013
propos , 282 , 5.051231349991013 , 5.051231349991013
foreign , 295 , 5.2849182095991365 , 5.045898415410769
minist , 277 , 4.961351788603271 , 4.961351788603271
countri , 276 , 4.943375876325724 , 4.943375876325724
common , 287 , 5.141110911378752 , 4.909352707823659
currenc , 274 , 4.907424051770628 , 4.907424051770628
attack , 277 , 4.961351788603271 , 4.874684704395143
corn , 271 , 4.853496314937983 , 4.813267102829644
tender , 269 , 4.817544490382887 , 4.807841189899174
asset , 271 , 4.853496314937983 , 4.798571458785555
result , 273 , 4.889448139493079 , 4.777619643740656
firm , 267 , 4.781592665827791 , 4.762707991687132
sharehold , 265 , 4.745640841272695 , 4.745640841272695
central , 277 , 4.961351788603271 , 4.745201466415572
major , 263 , 4.709689016717598 , 4.706044605918524
intern , 262 , 4.69171310444005 , 4.69171310444005
announc , 261 , 4.673737192162502 , 4.673737192162502
american , 261 , 4.673737192162502 , 4.673737192162502
bid , 261 , 4.673737192162502 , 4.664301662833391
sourc , 259 , 4.637785367607406 , 4.637785367607406
rais , 257 , 4.60183354305231 , 4.60183354305231
earn , 260 , 4.655761279884954 , 4.5437285518959705
made , 250 , 4.476002157109473 , 4.476002157109473
march , 250 , 4.476002157109473 , 4.460607584966932
agricultur , 244 , 4.368146683444185 , 4.368146683444185
presid , 243 , 4.350170771166637 , 4.350170771166637
record , 247 , 4.422074420276829 , 4.344629556172959
monei , 241 , 4.314218946611541 , 4.314218946611541
estim , 240 , 4.296243034333992 , 4.296243034333992
stake , 241 , 4.314218946611541 , 4.279145463852826
board , 251 , 4.493978069387022 , 4.250891784444021
hold , 238 , 4.260291209778896 , 4.232565549042226
due , 238 , 4.260291209778896 , 4.2222722443195595
sell , 256 , 4.583857630774761 , 4.207208001615118
ec , 235 , 4.2063634729462525 , 4.2063634729462525
depart , 235 , 4.2063634729462525 , 4.205637313882925
iranian , 234 , 4.188387560668704 , 4.188387560668704
crude , 233 , 4.1704116483911555 , 4.1704116483911555
fed , 230 , 4.116483911558511 , 4.116483911558511
feder , 229 , 4.098507999280963 , 4.098507999280963
econom , 229 , 4.098507999280963 , 4.098507999280963
barrel , 229 , 4.098507999280963 , 4.075470602996901
japanes , 227 , 4.062556174725867 , 4.062556174725867
manag , 226 , 4.044580262448319 , 4.044580262448319
current , 240 , 4.296243034333992 , 4.0403763498764285
crop , 226 , 4.044580262448319 , 4.004378281304854
financi , 222 , 3.972676613338127 , 3.972676613338127
stg , 222 , 3.972676613338127 , 3.972676613338127
deficit , 224 , 4.008628437893223 , 3.962639876713868
ship , 222 , 3.972676613338127 , 3.9618341508238193
period , 235 , 4.2063634729462525 , 3.935601450702185
approv , 219 , 3.9187488765054823 , 3.9187488765054823
financ , 218 , 3.9007729642279347 , 3.9007729642279347
statement , 221 , 3.954700701060579 , 3.781938382906693
base , 220 , 3.9367247887830312 , 3.7720727596676835
credit , 210 , 3.75696566600755 , 3.7490868401704476
set , 219 , 3.9187488765054823 , 3.7360926411137605
merger , 207 , 3.7030379291749056 , 3.7030379291749056
earlier , 206 , 3.685062016897358 , 3.685062016897358
issu , 205 , 3.667086104619809 , 3.667086104619809
own , 212 , 3.7929174905626457 , 3.658115137444201
move , 209 , 3.7389897537300016 , 3.6398599645975165
complet , 202 , 3.613158367787165 , 3.613158367787165
cash , 206 , 3.685062016897358 , 3.610322095304383
system , 251 , 4.493978069387022 , 3.6076101627129846
start , 206 , 3.685062016897358 , 3.5979410832746503
spokesman , 203 , 3.6311342800647135 , 3.5956704868094604
averag , 201 , 3.595182455509617 , 3.595182455509617
dividend , 200 , 3.577206543232069 , 3.577206543232069
reuter , 198 , 3.5412547186769725 , 3.5412547186769725
produc , 198 , 3.5412547186769725 , 3.5412547186769725
opec , 196 , 3.505302894121877 , 3.505302894121877
declin , 193 , 3.451375157289233 , 3.451375157289233
fund , 194 , 3.4693510695667804 , 3.44510189534579
subsidiari , 191 , 3.4154233327341363 , 3.4154233327341363
demand , 196 , 3.505302894121877 , 3.4130262311495443
higher , 190 , 3.3974474204565883 , 3.3974474204565883
close , 199 , 3.5592306309545205 , 3.3869902396274014
london , 189 , 3.3794715081790403 , 3.3794715081790403
bundesbank , 188 , 3.361495595901492 , 3.361495595901492
figur , 188 , 3.361495595901492 , 3.361495595901492
level , 187 , 3.343519683623944 , 3.341286744504212
gener , 186 , 3.3255437713463962 , 3.3255437713463962
reduc , 186 , 3.3255437713463962 , 3.3255437713463962
yen , 182 , 3.2536401222362037 , 3.2536401222362037
chairman , 187 , 3.343519683623944 , 3.236025449780756
tokyo , 181 , 3.2356642099586552 , 3.2356642099586552
dealer , 183 , 3.2716160345137517 , 3.2347453080733017
lower , 184 , 3.2895919467912997 , 3.2336277754794844
domest , 180 , 3.217688297681107 , 3.217688297681107
rose , 178 , 3.1817364731260107 , 3.16306964670435
call , 190 , 3.3974474204565883 , 3.1493370224941906
german , 174 , 3.1098328240158186 , 3.1098328240158186
talk , 183 , 3.2716160345137517 , 3.0973741672683364
pai , 173 , 3.0918569117382706 , 3.0918569117382706
growth , 184 , 3.2895919467912997 , 3.0806895997544372
ministri , 172 , 3.0738809994607226 , 3.0738809994607226
open , 187 , 3.343519683623944 , 3.060576343092559
dome , 171 , 3.0559050871831746 , 3.0559050871831746
capit , 171 , 3.0559050871831746 , 3.0559050871831746
reagan , 170 , 3.0379291749056265 , 3.0379291749056265
soybean , 169 , 3.0199532626280785 , 3.0199532626280785
recent , 184 , 3.2895919467912997 , 2.9909136470564386
mark , 168 , 3.0019773503505305 , 2.951609142320482
action , 182 , 3.2536401222362037 , 2.912644903085937
servic , 163 , 2.91209778896279 , 2.91209778896279
economist , 164 , 2.930073701240338 , 2.9039773599020084
effect , 185 , 3.3075678590688473 , 2.8975557594434544
farm , 168 , 3.0019773503505305 , 2.886626983140969
season , 181 , 3.2356642099586552 , 2.8777222536679847
platform , 162 , 2.8941218766852415 , 2.8653750547657673
high , 161 , 2.876145964407694 , 2.8584639912156713
incom , 159 , 2.8401941398525974 , 2.8401941398525974
usda , 159 , 2.8401941398525974 , 2.8401941398525974
canadian , 159 , 2.8401941398525974 , 2.8401941398525974
juli , 158 , 2.8222182275750494 , 2.8222182275750494
commun , 157 , 2.8042423152975013 , 2.8042423152975013
forc , 157 , 2.8042423152975013 , 2.8042423152975013
accord , 157 , 2.8042423152975013 , 2.8042423152975013
economi , 156 , 2.7862664030199533 , 2.7862664030199533
develop , 175 , 3.127808736293367 , 2.764910744395487
canada , 153 , 2.732338666187309 , 2.732338666187309
outstand , 153 , 2.732338666187309 , 2.732338666187309
mondai , 153 , 2.732338666187309 , 2.732338666187309
investor , 157 , 2.8042423152975013 , 2.7246598204509613
save , 164 , 2.930073701240338 , 2.7158930855119143
receiv , 152 , 2.7143627539097612 , 2.7143627539097612
world , 227 , 4.062556174725867 , 2.7072211294725426
ga , 151 , 2.6963868416322128 , 2.6963868416322128
chang , 151 , 2.6963868416322128 , 2.6963868416322128
compar , 151 , 2.6963868416322128 , 2.6963868416322128
part , 151 , 2.6963868416322128 , 2.6935366673086527
monetari , 150 , 2.6784109293546647 , 2.6784109293546647
long , 153 , 2.732338666187309 , 2.667202198206839
yesterdai , 149 , 2.6604350170771167 , 2.6604350170771167
calif , 148 , 2.6424591047995682 , 2.6424591047995682
prior , 148 , 2.6424591047995682 , 2.634085583100574
debt , 151 , 2.6963868416322128 , 2.6299841337850656
remain , 168 , 3.0019773503505305 , 2.6096517624113065
texa , 145 , 2.5885313679669246 , 2.5885313679669246
transact , 145 , 2.5885313679669246 , 2.5885313679669246
soviet , 145 , 2.5885313679669246 , 2.5885313679669246
bill , 156 , 2.7862664030199533 , 2.5859554254010835
good , 147 , 2.6244831925220207 , 2.577355469312071
commiss , 144 , 2.570555455689376 , 2.570555455689376
repurchas , 144 , 2.570555455689376 , 2.570555455689376
chemic , 143 , 2.552579543411828 , 2.552579543411828
privat , 143 , 2.552579543411828 , 2.552579543411828
fall , 151 , 2.6963868416322128 , 2.5423185808648623
held , 142 , 2.53460363113428 , 2.53460363113428
louvr , 142 , 2.53460363113428 , 2.53460363113428
baker , 142 , 2.53460363113428 , 2.53460363113428
control , 150 , 2.6784109293546647 , 2.5109586493513607
takeov , 140 , 2.498651806579184 , 2.498651806579184
plant , 142 , 2.53460363113428 , 2.4953411182789953
surplu , 139 , 2.4806758943016356 , 2.4806758943016356
februari , 139 , 2.4806758943016356 , 2.4806758943016356
tariff , 138 , 2.462699982024088 , 2.462699982024088
stabil , 137 , 2.4447240697465396 , 2.4447240697465396
deposit , 137 , 2.4447240697465396 , 2.441901126387854
cost , 144 , 2.570555455689376 , 2.4341010907018616
short , 137 , 2.4447240697465396 , 2.432833215084553
trader , 135 , 2.4087722451914435 , 2.4087722451914435
comment , 137 , 2.4447240697465396 , 2.4081664994021494
rice , 136 , 2.4267481574689915 , 2.3946655423523566
addit , 133 , 2.3728204206363475 , 2.3728204206363475
comput , 132 , 2.354844508358799 , 2.354844508358799
revenu , 132 , 2.354844508358799 , 2.354844508358799
union , 136 , 2.4267481574689915 , 2.3473018174468256
adjust , 134 , 2.3907963329138955 , 2.3468228631352743
account , 135 , 2.4087722451914435 , 2.342837002241313
support , 147 , 2.6244831925220207 , 2.331496164445988
full , 149 , 2.6604350170771167 , 2.3306135705138007
output , 129 , 2.300916771526155 , 2.29108639320636
european , 128 , 2.282940859248607 , 2.282940859248607
secretari , 128 , 2.282940859248607 , 2.282940859248607
drop , 129 , 2.300916771526155 , 2.265144360668988
sold , 127 , 2.264964946971059 , 2.264964946971059
yield , 127 , 2.264964946971059 , 2.2614566909963583
file , 130 , 2.318892683803703 , 2.2528984404296777
septemb , 125 , 2.229013122415963 , 2.229013122415963
germani , 125 , 2.229013122415963 , 2.229013122415963
bpd , 125 , 2.229013122415963 , 2.229013122415963
amount , 136 , 2.4267481574689915 , 2.2222027648120934
maiz , 124 , 2.2110372101384144 , 2.2110372101384144
prefer , 128 , 2.282940859248607 , 2.210002719831513
public , 122 , 2.1750853855833183 , 2.1750763085950267
charg , 121 , 2.1571094733057703 , 2.1571094733057703
area , 161 , 2.876145964407694 , 2.1457343320656586
forecast , 120 , 2.1391335610282223 , 2.1391335610282223
previous , 126 , 2.246989034693511 , 2.1307355071489362
hous , 119 , 2.1211576487506743 , 2.1211576487506743
post , 119 , 2.1211576487506743 , 2.1135193631032987
posit , 118 , 2.1031817364731262 , 2.1031817364731262
south , 132 , 2.354844508358799 , 2.1018007672599204
target , 119 , 2.1211576487506743 , 2.0935409118735033
reach , 118 , 2.1031817364731262 , 2.0890806351621367
associ , 117 , 2.0852058241955778 , 2.0852058241955778
rang , 116 , 2.0672299119180297 , 2.0672299119180297
earli , 116 , 2.0672299119180297 , 2.0672299119180297
franc , 116 , 2.0672299119180297 , 2.0672299119180297
exclud , 116 , 2.0672299119180297 , 2.0672299119180297
reflect , 125 , 2.229013122415963 , 2.066480570066702
improv , 115 , 2.0492539996404817 , 2.0492539996404817
decemb , 115 , 2.0492539996404817 , 2.0492539996404817
bought , 115 , 2.0492539996404817 , 2.0492539996404817
tanker , 114 , 2.0312780873629337 , 2.0312780873629337
lead , 118 , 2.1031817364731262 , 2.0195554433426817
annual , 119 , 2.1211576487506743 , 2.0140673408864624
deal , 124 , 2.2110372101384144 , 2.010889618308793
half , 117 , 2.0852058241955778 , 2.007352495618586
free , 114 , 2.0312780873629337 , 2.003942737122802
plc , 112 , 1.9953262628078374 , 1.9953262628078374
program , 112 , 1.9953262628078374 , 1.9856138853358332
confer , 111 , 1.9773503505302894 , 1.9773503505302894
data , 129 , 2.300916771526155 , 1.975420509883783
limit , 115 , 2.0492539996404817 , 1.9728302967194162
seek , 124 , 2.2110372101384144 , 1.9676831540408113
commod , 110 , 1.9593744382527412 , 1.9593744382527412
petroleum , 110 , 1.9593744382527412 , 1.9593744382527412
budget , 118 , 2.1031817364731262 , 1.9475567722137677
kuwait , 109 , 1.9413985259751934 , 1.9413985259751934
treasuri , 109 , 1.9413985259751934 , 1.9413985259751934
fridai , 109 , 1.9413985259751934 , 1.9413985259751934
octob , 109 , 1.9413985259751934 , 1.9413985259751934
concern , 108 , 1.9234226136976451 , 1.9060537966016824
payment , 110 , 1.9593744382527412 , 1.9056885910021155
respons , 107 , 1.9054467014200973 , 1.9054467014200973
citi , 107 , 1.9054467014200973 , 1.9054467014200973
pact , 107 , 1.9054467014200973 , 1.9054467014200973
insur , 107 , 1.9054467014200973 , 1.9054467014200973
negoti , 106 , 1.887470789142549 , 1.887470789142549
measur , 106 , 1.887470789142549 , 1.887470789142549
futur , 105 , 1.8694948768650008 , 1.8694948768650008
fell , 105 , 1.8694948768650008 , 1.8694948768650008
pressur , 104 , 1.8515189645874528 , 1.8515189645874528
saudi , 104 , 1.8515189645874528 , 1.8515189645874528
british , 103 , 1.8335430523099046 , 1.8335430523099046
requir , 103 , 1.8335430523099046 , 1.8335430523099046
prev , 103 , 1.8335430523099046 , 1.8335430523099046
provid , 103 , 1.8335430523099046 , 1.8335430523099046
prime , 107 , 1.9054467014200973 , 1.8273846021123992
discuss , 113 , 2.0133021750853857 , 1.82278980632729
august , 102 , 1.8155671400323568 , 1.8155671400323568
french , 102 , 1.8155671400323568 , 1.8155671400323568
iraq , 102 , 1.8155671400323568 , 1.8155671400323568
split , 103 , 1.8335430523099046 , 1.8075919427842406
energi , 101 , 1.7975912277548085 , 1.7975912277548085
poehl , 101 , 1.7975912277548085 , 1.7975912277548085
pipelin , 101 , 1.7975912277548085 , 1.7975912277548085
condit , 101 , 1.7975912277548085 , 1.7975912277548085
protect , 112 , 1.9953262628078374 , 1.787581231778153
fiscal , 101 , 1.7975912277548085 , 1.7833857410784657
div , 100 , 1.7796153154772603 , 1.7796153154772603
offic , 100 , 1.7796153154772603 , 1.7796153154772603
wk , 99 , 1.7616394031997125 , 1.7616394031997125
san , 99 , 1.7616394031997125 , 1.7616394031997125
point , 113 , 2.0133021750853857 , 1.7495929727438857
sign , 107 , 1.9054467014200973 , 1.7486734981418521
kuwaiti , 98 , 1.7436634909221642 , 1.7436634909221642
specul , 98 , 1.7436634909221642 , 1.7436634909221642
sept , 98 , 1.7436634909221642 , 1.7436634909221642
decis , 98 , 1.7436634909221642 , 1.7436634909221642
januari , 98 , 1.7436634909221642 , 1.7436634909221642
show , 118 , 2.1031817364731262 , 1.7312385257426737
disclos , 97 , 1.7256875786446164 , 1.7256875786446164
bond , 100 , 1.7796153154772603 , 1.7116241346790844
intervent , 96 , 1.7077116663670682 , 1.7077116663670682
custom , 97 , 1.7256875786446164 , 1.7005760905359248
subject , 96 , 1.7077116663670682 , 1.69313402317077
balanc , 95 , 1.6897357540895201 , 1.6897357540895201
line , 97 , 1.7256875786446164 , 1.6871194553936386
execut , 94 , 1.671759841811972 , 1.671759841811972
largest , 94 , 1.671759841811972 , 1.671759841811972
war , 122 , 2.1750853855833183 , 1.6625577801926765
repres , 93 , 1.6537839295344237 , 1.6537839295344237
pari , 93 , 1.6537839295344237 , 1.6537839295344237
dilut , 92 , 1.6358080172568759 , 1.6358080172568759
quota , 91 , 1.6178321049793276 , 1.6178321049793276
commit , 96 , 1.7077116663670682 , 1.6075561775576332
provis , 90 , 1.5998561927017798 , 1.5998561927017798
discount , 90 , 1.5998561927017798 , 1.595617239169606
field , 110 , 1.9593744382527412 , 1.5855477524517831
cent , 89 , 1.5818802804242316 , 1.5818802804242316
inflat , 89 , 1.5818802804242316 , 1.5818802804242316
equiti , 89 , 1.5818802804242316 , 1.5818802804242316
partner , 97 , 1.7256875786446164 , 1.577437667372177
ago , 119 , 2.1211576487506743 , 1.5748273389621408
back , 92 , 1.6358080172568759 , 1.570735088194447
restructur , 88 , 1.5639043681466835 , 1.5639043681466835
decid , 88 , 1.5639043681466835 , 1.5639043681466835
diplomat , 88 , 1.5639043681466835 , 1.5624974349614866
rule , 90 , 1.5998561927017798 , 1.5524970062903944
militari , 87 , 1.5459284558691353 , 1.5459284558691353
larg , 87 , 1.5459284558691353 , 1.5459284558691353
corpor , 87 , 1.5459284558691353 , 1.5459284558691353
china , 87 , 1.5459284558691353 , 1.5459284558691353
retali , 87 , 1.5459284558691353 , 1.5459284558691353
harvest , 87 , 1.5459284558691353 , 1.545066141981434
director , 105 , 1.8694948768650008 , 1.5293892025673101
western , 94 , 1.671759841811972 , 1.5241952431555477
previou , 85 , 1.5099766313140393 , 1.5099766313140393
low , 85 , 1.5099766313140393 , 1.5093003956863156
project , 85 , 1.5099766313140393 , 1.4963793028532333
quot , 84 , 1.492000719036491 , 1.492000719036491
banker , 84 , 1.492000719036491 , 1.4871989922302384
accept , 94 , 1.671759841811972 , 1.4671781412019076
contract , 89 , 1.5818802804242316 , 1.4637387393150054
port , 84 , 1.492000719036491 , 1.4601495671212918
manufactur , 82 , 1.456048894481395 , 1.456048894481395
activ , 82 , 1.456048894481395 , 1.456048894481395
initi , 82 , 1.456048894481395 , 1.456048894481395
convert , 83 , 1.474024806758943 , 1.446271915057398
basi , 81 , 1.438072982203847 , 1.438072982203847
flag , 83 , 1.474024806758943 , 1.4341768281588505
detail , 89 , 1.5818802804242316 , 1.4281387912353785
inform , 83 , 1.474024806758943 , 1.424782145277052
order , 86 , 1.5279525435915873 , 1.4232267911773353
stoltenberg , 80 , 1.4200970699262987 , 1.4200970699262987
chicago , 80 , 1.4200970699262987 , 1.4200970699262987
date , 82 , 1.456048894481395 , 1.4181252373991202
shipment , 79 , 1.4021211576487507 , 1.4021211576487507
kei , 79 , 1.4021211576487507 , 1.4021211576487507
divis , 79 , 1.4021211576487507 , 1.4021211576487507
alli , 79 , 1.4021211576487507 , 1.4021211576487507
senat , 78 , 1.3841452453712024 , 1.3841452453712024
damag , 78 , 1.3841452453712024 , 1.3841452453712024
liquid , 78 , 1.3841452453712024 , 1.382375232654342
led , 77 , 1.3661693330936544 , 1.3661693330936544
barlei , 77 , 1.3661693330936544 , 1.3661693330936544
sorghum , 77 , 1.3661693330936544 , 1.3661693330936544
deliveri , 76 , 1.3481934208161064 , 1.3481934208161064
latest , 76 , 1.3481934208161064 , 1.3481934208161064
cooper , 76 , 1.3481934208161064 , 1.3481934208161064
reduct , 76 , 1.3481934208161064 , 1.3481934208161064
administr , 76 , 1.3481934208161064 , 1.3481934208161064
strike , 78 , 1.3841452453712024 , 1.3441565734525904
boost , 76 , 1.3481934208161064 , 1.3346324003084666
chief , 79 , 1.4021211576487507 , 1.3314204958455342
discontinu , 75 , 1.3302175085385584 , 1.3302175085385584
lift , 81 , 1.438072982203847 , 1.3269751840088968
affect , 84 , 1.492000719036491 , 1.325796524923281
trust , 77 , 1.3661693330936544 , 1.3194455358626804
begin , 128 , 2.282940859248607 , 1.3128740435377926
paid , 74 , 1.3122415962610103 , 1.3122415962610103
lyng , 74 , 1.3122415962610103 , 1.3122415962610103
properti , 73 , 1.2942656839834623 , 1.2942656839834623
committe , 73 , 1.2942656839834623 , 1.2942656839834623
burlington , 73 , 1.2942656839834623 , 1.2942656839834623
subsidi , 73 , 1.2942656839834623 , 1.2942656839834623
defens , 73 , 1.2942656839834623 , 1.2942656839834623
home , 96 , 1.7077116663670682 , 1.2853503241709634
special , 90 , 1.5998561927017798 , 1.28024181947236
form , 82 , 1.456048894481395 , 1.2755484438089262
sector , 75 , 1.3302175085385584 , 1.265643813832167
food , 97 , 1.7256875786446164 , 1.258889840267019
relat , 71 , 1.258313859428366 , 1.258313859428366
bushel , 71 , 1.258313859428366 , 1.258313859428366
texaco , 71 , 1.258313859428366 , 1.258313859428366
impact , 80 , 1.4200970699262987 , 1.243517878195798
technolog , 70 , 1.2403379471508178 , 1.2403379471508178
tuesdai , 70 , 1.2403379471508178 , 1.2403379471508178
senior , 70 , 1.2403379471508178 , 1.2317465777328251
vote , 77 , 1.3661693330936544 , 1.2284305742628794
past , 70 , 1.2403379471508178 , 1.226513693982722
qtly , 69 , 1.2223620348732698 , 1.2223620348732698
jame , 69 , 1.2223620348732698 , 1.2223620348732698
store , 70 , 1.2403379471508178 , 1.215053996264586
buyer , 70 , 1.2403379471508178 , 1.2127529797326673
fix , 72 , 1.276289771705914 , 1.210599607439657
guilder , 68 , 1.2043861225957218 , 1.2043861225957218
warner , 68 , 1.2043861225957218 , 1.2043861225957218
australian , 68 , 1.2043861225957218 , 1.2043861225957218
congress , 68 , 1.2043861225957218 , 1.2043861225957218
worth , 69 , 1.2223620348732698 , 1.1934881351177131
late , 71 , 1.258313859428366 , 1.1909081443749978
mass , 70 , 1.2403379471508178 , 1.1901240479217263
top , 68 , 1.2043861225957218 , 1.189468092338489
feed , 73 , 1.2942656839834623 , 1.1870709907538972
head , 76 , 1.3481934208161064 , 1.1812539906512773
act , 74 , 1.3122415962610103 , 1.1795859508735274
farmer , 71 , 1.258313859428366 , 1.1760309605650774
agenc , 66 , 1.1684342980406255 , 1.1684342980406255
de , 66 , 1.1684342980406255 , 1.1684342980406255
began , 66 , 1.1684342980406255 , 1.1684342980406255
right , 96 , 1.7077116663670682 , 1.1567248615849477
warn , 69 , 1.2223620348732698 , 1.1537354648946825
strong , 85 , 1.5099766313140393 , 1.1523342156369911
ttl , 65 , 1.1504583857630775 , 1.1504583857630775
parti , 65 , 1.1504583857630775 , 1.1504583857630775
pretax , 65 , 1.1504583857630775 , 1.1504583857630775
europ , 65 , 1.1504583857630775 , 1.1504583857630775
eddi , 65 , 1.1504583857630775 , 1.1504583857630775
maintain , 74 , 1.3122415962610103 , 1.1369740293386448
lynch , 64 , 1.1324824734855294 , 1.1324824734855294
crazi , 64 , 1.1324824734855294 , 1.1324824734855294
rig , 64 , 1.1324824734855294 , 1.1324824734855294
benefit , 66 , 1.1684342980406255 , 1.1205577232966193
option , 71 , 1.258313859428366 , 1.1196220168269737
name , 74 , 1.3122415962610103 , 1.1193555950646632
substanti , 63 , 1.1145065612079814 , 1.1145065612079814
pacif , 63 , 1.1145065612079814 , 1.1145065612079814
extraordinari , 63 , 1.1145065612079814 , 1.1145065612079814
undisclos , 63 , 1.1145065612079814 , 1.1145065612079814
gatt , 62 , 1.0965306489304332 , 1.0965306489304332
unchang , 62 , 1.0965306489304332 , 1.0965306489304332
australia , 62 , 1.0965306489304332 , 1.0965306489304332
work , 108 , 1.9234226136976451 , 1.094430350014766
east , 74 , 1.3122415962610103 , 1.0937811805531006
fear , 66 , 1.1684342980406255 , 1.0937397613891082
make , 277 , 4.961351788603271 , 1.0932249976000192
intent , 62 , 1.0965306489304332 , 1.0874355066622572
arabia , 61 , 1.0785547366528851 , 1.0785547366528851
prepar , 61 , 1.0785547366528851 , 1.0785547366528851
competit , 61 , 1.0785547366528851 , 1.0785547366528851
bancorp , 61 , 1.0785547366528851 , 1.0785547366528851
explor , 61 , 1.0785547366528851 , 1.0785547366528851
electron , 60 , 1.0605788243753371 , 1.0605788243753371
believ , 60 , 1.0605788243753371 , 1.0605788243753371
gaf , 60 , 1.0605788243753371 , 1.0605788243753371
consum , 60 , 1.0605788243753371 , 1.0605788243753371
valu , 60 , 1.0605788243753371 , 1.0605788243753371
toronto , 60 , 1.0605788243753371 , 1.0605788243753371
conn , 60 , 1.0605788243753371 , 1.0605788243753371
hectar , 60 , 1.0605788243753371 , 1.0605788243753371
present , 62 , 1.0965306489304332 , 1.0493666177673169
america , 59 , 1.0426029120977889 , 1.0426029120977889
daili , 59 , 1.0426029120977889 , 1.0426029120977889
taiwan , 59 , 1.0426029120977889 , 1.0426029120977889
merril , 59 , 1.0426029120977889 , 1.0426029120977889
natur , 59 , 1.0426029120977889 , 1.0426029120977889
arrang , 59 , 1.0426029120977889 , 1.0426029120977889
author , 72 , 1.276289771705914 , 1.0338207219667412
boston , 58 , 1.0246269998202409 , 1.0246269998202409
gave , 58 , 1.0246269998202409 , 1.0246269998202409
combin , 58 , 1.0246269998202409 , 1.0246269998202409
capac , 58 , 1.0246269998202409 , 1.0246269998202409
impos , 58 , 1.0246269998202409 , 1.0246269998202409
novemb , 58 , 1.0246269998202409 , 1.0246269998202409
potenti , 58 , 1.0246269998202409 , 1.0246269998202409
mine , 60 , 1.0605788243753371 , 1.0245023344104016
final , 59 , 1.0426029120977889 , 1.0240450095356275
remark , 58 , 1.0246269998202409 , 1.0227480632438812
return , 64 , 1.1324824734855294 , 1.0136510812661423
beef , 58 , 1.0246269998202409 , 1.0085561920499757
resourc , 57 , 1.0066510875426928 , 1.0066510875426928
payable , 57 , 1.0066510875426928 , 1.0066510875426928
distribut , 57 , 1.0066510875426928 , 1.0066510875426928
harcourt , 57 , 1.0066510875426928 , 1.0066510875426928
heavi , 57 , 1.0066510875426928 , 1.0066510875426928
commerci , 57 , 1.0066510875426928 , 1.0066510875426928
holder , 57 , 1.0066510875426928 , 1.0066510875426928
involv , 57 , 1.0066510875426928 , 1.0066510875426928
brazil , 57 , 1.0066510875426928 , 1.0066510875426928
press , 62 , 1.0965306489304332 , 1.0064823865836867
extend , 62 , 1.0965306489304332 , 1.000795653419004
enter , 69 , 1.2223620348732698 , 0.9972345712651851
restrict , 57 , 1.0066510875426928 , 0.9909252053275083
don , 56 , 0.9886751752651447 , 0.9886751752651447
reaffirm , 56 , 0.9886751752651447 , 0.9886751752651447
offshor , 56 , 0.9886751752651447 , 0.9886751752651447
expens , 56 , 0.9886751752651447 , 0.9886751752651447
schedul , 56 , 0.9886751752651447 , 0.9886751752651447
sharpli , 56 , 0.9886751752651447 , 0.9886751752651447
borg , 56 , 0.9886751752651447 , 0.9886751752651447
newspap , 56 , 0.9886751752651447 , 0.9886751752651447
winter , 62 , 1.0965306489304332 , 0.9769322512004064
stck , 55 , 0.9706992629875967 , 0.9706992629875967
ohio , 55 , 0.9706992629875967 , 0.9706992629875967
feb , 55 , 0.9706992629875967 , 0.9706992629875967
dalla , 55 , 0.9706992629875967 , 0.9706992629875967
council , 56 , 0.9886751752651447 , 0.9622611393366096
critic , 60 , 1.0605788243753371 , 0.954518754682221
primari , 54 , 0.9527233507100487 , 0.9527233507100487
volum , 54 , 0.9527233507100487 , 0.9527233507100487
termin , 54 , 0.9527233507100487 , 0.9527233507100487
borrow , 55 , 0.9706992629875967 , 0.9512972005143171
rain , 54 , 0.9527233507100487 , 0.9494465579367837
broker , 54 , 0.9527233507100487 , 0.9434012837345829
region , 65 , 1.1504583857630775 , 0.941510653784757
view , 59 , 1.0426029120977889 , 0.9410177976324281
houston , 53 , 0.9347474384325004 , 0.9347474384325004
buyout , 53 , 0.9347474384325004 , 0.9347474384325004
transcanada , 53 , 0.9347474384325004 , 0.9347474384325004
light , 53 , 0.9347474384325004 , 0.9321014963455011
aim , 53 , 0.9347474384325004 , 0.9206871835688232
expir , 52 , 0.9167715261549523 , 0.9167715261549523
definit , 52 , 0.9167715261549523 , 0.9167715261549523
merg , 52 , 0.9167715261549523 , 0.9167715261549523
carri , 52 , 0.9167715261549523 , 0.9167715261549523
institut , 52 , 0.9167715261549523 , 0.9167715261549523
review , 55 , 0.9706992629875967 , 0.9160512549780622
depend , 57 , 1.0066510875426928 , 0.9134758027294927
direct , 56 , 0.9886751752651447 , 0.9050624976171376
process , 53 , 0.9347474384325004 , 0.9026829772924488
urg , 51 , 0.8987956138774043 , 0.8987956138774043
lawson , 51 , 0.8987956138774043 , 0.8987956138774043
facil , 51 , 0.8987956138774043 , 0.8987956138774043
britain , 51 , 0.8987956138774043 , 0.8987956138774043
sec , 51 , 0.8987956138774043 , 0.8987956138774043
gillett , 51 , 0.8987956138774043 , 0.8987956138774043
hope , 58 , 1.0246269998202409 , 0.896895620580947
vessel , 52 , 0.9167715261549523 , 0.889336329043613
eas , 50 , 0.8808197015998562 , 0.8808197015998562
minneapoli , 50 , 0.8808197015998562 , 0.8808197015998562
seri , 50 , 0.8808197015998562 , 0.8808197015998562
missil , 50 , 0.8808197015998562 , 0.8808197015998562
mortgag , 50 , 0.8808197015998562 , 0.8808197015998562
robert , 50 , 0.8808197015998562 , 0.8808197015998562
independ , 50 , 0.8808197015998562 , 0.8808197015998562
spain , 50 , 0.8808197015998562 , 0.8808197015998562
situat , 50 , 0.8808197015998562 , 0.8808197015998562
round , 50 , 0.8808197015998562 , 0.87913138177762
block , 52 , 0.9167715261549523 , 0.8767737772480486
case , 50 , 0.8808197015998562 , 0.8766624409623067
cover , 54 , 0.9527233507100487 , 0.8736355517254005
ill , 51 , 0.8987956138774043 , 0.8735116629911726
hard , 61 , 1.0785547366528851 , 0.870156162466206
problem , 103 , 1.8335430523099046 , 0.8675109578947032
debentur , 49 , 0.8628437893223082 , 0.8628437893223082
frankfurt , 49 , 0.8628437893223082 , 0.8628437893223082
atlant , 49 , 0.8628437893223082 , 0.8628437893223082
polit , 49 , 0.8628437893223082 , 0.8628437893223082
util , 49 , 0.8628437893223082 , 0.8628437893223082
morn , 49 , 0.8628437893223082 , 0.8628437893223082
build , 72 , 1.276289771705914 , 0.8597649329813035
aid , 49 , 0.8628437893223082 , 0.8592084555115252
meal , 53 , 0.9347474384325004 , 0.8590408175864707
cotton , 50 , 0.8808197015998562 , 0.8587671585454315
reject , 52 , 0.9167715261549523 , 0.8587650324775284
hit , 51 , 0.8987956138774043 , 0.8493668741355357
member , 81 , 1.438072982203847 , 0.8487222864073094
ccc , 48 , 0.8448678770447601 , 0.8448678770447601
coars , 48 , 0.8448678770447601 , 0.8448678770447601
restat , 48 , 0.8448678770447601 , 0.8448678770447601
lb , 48 , 0.8448678770447601 , 0.8448678770447601
kong , 48 , 0.8448678770447601 , 0.8448678770447601
materi , 48 , 0.8448678770447601 , 0.8448678770447601
carryforward , 48 , 0.8448678770447601 , 0.8448678770447601
peopl , 48 , 0.8448678770447601 , 0.8448678770447601
signific , 48 , 0.8448678770447601 , 0.8448678770447601
hong , 48 , 0.8448678770447601 , 0.8448678770447601
declar , 48 , 0.8448678770447601 , 0.8448678770447601
prospect , 50 , 0.8808197015998562 , 0.8370413870695042
effort , 68 , 1.2043861225957218 , 0.834054077287027
research , 48 , 0.8448678770447601 , 0.8324187876028405
street , 64 , 1.1324824734855294 , 0.8294472193707036
sugar , 52 , 0.9167715261549523 , 0.8285658924313992
televis , 47 , 0.8268919647672118 , 0.8268919647672118
studi , 47 , 0.8268919647672118 , 0.8268919647672118
disput , 47 , 0.8268919647672118 , 0.8268919647672118
ecuador , 47 , 0.8268919647672118 , 0.8268919647672118
releas , 47 , 0.8268919647672118 , 0.8268919647672118
possibl , 47 , 0.8268919647672118 , 0.8268919647672118
reason , 72 , 1.276289771705914 , 0.8134178307644306
communiqu , 46 , 0.8089160524896638 , 0.8089160524896638
cereal , 46 , 0.8089160524896638 , 0.8089160524896638
morgan , 46 , 0.8089160524896638 , 0.8089160524896638
stimul , 46 , 0.8089160524896638 , 0.8089160524896638
itali , 46 , 0.8089160524896638 , 0.8089160524896638
telephon , 46 , 0.8089160524896638 , 0.8089160524896638
electr , 46 , 0.8089160524896638 , 0.8089160524896638
place , 60 , 1.0605788243753371 , 0.8061871505151572
suit , 47 , 0.8268919647672118 , 0.8060058147082568
origin , 48 , 0.8448678770447601 , 0.8050244369388134
local , 68 , 1.2043861225957218 , 0.8045674808217878
face , 62 , 1.0965306489304332 , 0.8032622342173613
attempt , 50 , 0.8808197015998562 , 0.7996578107905792
predict , 50 , 0.8808197015998562 , 0.7988227278677527
partnership , 47 , 0.8268919647672118 , 0.7985717612974423
fail , 56 , 0.9886751752651447 , 0.7952082468181357
prevent , 53 , 0.9347474384325004 , 0.7915761021092071
england , 45 , 0.7909401402121158 , 0.7909401402121158
legisl , 45 , 0.7909401402121158 , 0.7909401402121158
acreag , 45 , 0.7909401402121158 , 0.7909401402121158
question , 48 , 0.8448678770447601 , 0.7856450669362628
fourth , 49 , 0.8628437893223082 , 0.7795533447586527
run , 51 , 0.8987956138774043 , 0.7787524437210894
southern , 52 , 0.9167715261549523 , 0.7786243028510557
step , 53 , 0.9347474384325004 , 0.7782556217912947
retail , 45 , 0.7909401402121158 , 0.7740342495190242
ton , 44 , 0.7729642279345676 , 0.7729642279345676
destroi , 44 , 0.7729642279345676 , 0.7729642279345676
oppos , 44 , 0.7729642279345676 , 0.7729642279345676
bu , 44 , 0.7729642279345676 , 0.7729642279345676
arab , 44 , 0.7729642279345676 , 0.7729642279345676
usag , 44 , 0.7729642279345676 , 0.7729642279345676
revis , 44 , 0.7729642279345676 , 0.7729642279345676
africa , 44 , 0.7729642279345676 , 0.7729642279345676
cabl , 44 , 0.7729642279345676 , 0.7729642279345676
vice , 44 , 0.7729642279345676 , 0.7729642279345676
caus , 44 , 0.7729642279345676 , 0.7729642279345676
democrat , 44 , 0.7729642279345676 , 0.7729642279345676
summit , 45 , 0.7909401402121158 , 0.7693686775371454
continent , 44 , 0.7729642279345676 , 0.7645453212941153
court , 61 , 1.0785547366528851 , 0.7643230174803797
add , 72 , 1.276289771705914 , 0.763589703537732
grow , 70 , 1.2403379471508178 , 0.7631379801910552
soft , 49 , 0.8628437893223082 , 0.7580272670251403
weak , 46 , 0.8089160524896638 , 0.7555751307941188
ecu , 43 , 0.7549883156570196 , 0.7549883156570196
schlesing , 43 , 0.7549883156570196 , 0.7549883156570196
telecommun , 43 , 0.7549883156570196 , 0.7549883156570196
advis , 43 , 0.7549883156570196 , 0.7549883156570196
refin , 43 , 0.7549883156570196 , 0.7549883156570196
fundament , 43 , 0.7549883156570196 , 0.7549883156570196
duti , 43 , 0.7549883156570196 , 0.7549883156570196
governor , 47 , 0.8268919647672118 , 0.7546073685071125
launch , 43 , 0.7549883156570196 , 0.7540579243571314
request , 44 , 0.7729642279345676 , 0.7514336117069095
red , 58 , 1.0246269998202409 , 0.746226691928798
flow , 44 , 0.7729642279345676 , 0.743509400928349
implement , 45 , 0.7909401402121158 , 0.7398866195660521
north , 58 , 1.0246269998202409 , 0.7379257861361364
proce , 42 , 0.7370124033794715 , 0.7370124033794715
wednesdai , 42 , 0.7370124033794715 , 0.7370124033794715
fla , 42 , 0.7370124033794715 , 0.7370124033794715
packag , 42 , 0.7370124033794715 , 0.7370124033794715
ind , 42 , 0.7370124033794715 , 0.7370124033794715
indic , 42 , 0.7370124033794715 , 0.7370124033794715
determin , 42 , 0.7370124033794715 , 0.7370124033794715
margin , 43 , 0.7549883156570196 , 0.7362942582704842
design , 52 , 0.9167715261549523 , 0.7303710330929483
load , 43 , 0.7549883156570196 , 0.727784581747116
signal , 42 , 0.7370124033794715 , 0.7265920208207229
joint , 44 , 0.7729642279345676 , 0.7249968833076454
entertain , 41 , 0.7190364911019235 , 0.7190364911019235
stabl , 41 , 0.7190364911019235 , 0.7190364911019235
lo , 41 , 0.7190364911019235 , 0.7190364911019235
richard , 41 , 0.7190364911019235 , 0.7190364911019235
commerc , 41 , 0.7190364911019235 , 0.7190364911019235
volcker , 41 , 0.7190364911019235 , 0.7190364911019235
weinberg , 41 , 0.7190364911019235 , 0.7190364911019235
spanish , 41 , 0.7190364911019235 , 0.7190364911019235
argentina , 41 , 0.7190364911019235 , 0.7190364911019235
warship , 41 , 0.7190364911019235 , 0.7190364911019235
pre , 41 , 0.7190364911019235 , 0.7190364911019235
exercis , 41 , 0.7190364911019235 , 0.7190364911019235
bonn , 41 , 0.7190364911019235 , 0.7190364911019235
bonu , 41 , 0.7190364911019235 , 0.7190364911019235
sharp , 44 , 0.7729642279345676 , 0.7161059732760303
charter , 41 , 0.7190364911019235 , 0.7138807617522988
equip , 41 , 0.7190364911019235 , 0.7119519017403353
express , 47 , 0.8268919647672118 , 0.708564345398008
confirm , 44 , 0.7729642279345676 , 0.707373910539518
intend , 45 , 0.7909401402121158 , 0.7061656080627848
korea , 40 , 0.7010605788243753 , 0.7010605788243753
leav , 40 , 0.7010605788243753 , 0.7010605788243753
practic , 40 , 0.7010605788243753 , 0.7010605788243753
unnam , 40 , 0.7010605788243753 , 0.7010605788243753
amoco , 40 , 0.7010605788243753 , 0.7010605788243753
altern , 40 , 0.7010605788243753 , 0.7010605788243753
oat , 40 , 0.7010605788243753 , 0.7010605788243753
cont , 40 , 0.7010605788243753 , 0.7010605788243753
textil , 40 , 0.7010605788243753 , 0.7010605788243753
drill , 40 , 0.7010605788243753 , 0.6992270271894736
threaten , 45 , 0.7909401402121158 , 0.6924003553185843
ask , 110 , 1.9593744382527412 , 0.6896989315071773
lost , 41 , 0.7190364911019235 , 0.6872171086457449
lend , 40 , 0.7010605788243753 , 0.6870547858904477
main , 49 , 0.8628437893223082 , 0.6866049846527423
advanc , 39 , 0.6830846665468272 , 0.6830846665468272
santa , 39 , 0.6830846665468272 , 0.6830846665468272
consolid , 39 , 0.6830846665468272 , 0.6830846665468272
payout , 39 , 0.6830846665468272 , 0.6830846665468272
norwai , 39 , 0.6830846665468272 , 0.6830846665468272
achiev , 39 , 0.6830846665468272 , 0.6830846665468272
tehran , 39 , 0.6830846665468272 , 0.6830846665468272
storag , 39 , 0.6830846665468272 , 0.6830846665468272
ussr , 39 , 0.6830846665468272 , 0.6830846665468272
bueno , 39 , 0.6830846665468272 , 0.6830846665468272
angel , 39 , 0.6830846665468272 , 0.6735402133582173
wall , 55 , 0.9706992629875967 , 0.668821324879949
strategi , 38 , 0.6651087542692792 , 0.6651087542692792
guarante , 38 , 0.6651087542692792 , 0.6651087542692792
john , 38 , 0.6651087542692792 , 0.6651087542692792
confid , 38 , 0.6651087542692792 , 0.6651087542692792
bahrain , 38 , 0.6651087542692792 , 0.6651087542692792
semiconductor , 38 , 0.6651087542692792 , 0.6651087542692792
congression , 38 , 0.6651087542692792 , 0.6651087542692792
navi , 38 , 0.6651087542692792 , 0.6651087542692792
freight , 38 , 0.6651087542692792 , 0.6651087542692792
cargo , 38 , 0.6651087542692792 , 0.6645822889483668
river , 44 , 0.7729642279345676 , 0.6640993688593494
air , 63 , 1.1145065612079814 , 0.6558599583162346
clear , 41 , 0.7190364911019235 , 0.654871260868654
need , 55 , 0.9706992629875967 , 0.6529955957935569
expand , 42 , 0.7370124033794715 , 0.6528596449281147
put , 96 , 1.7077116663670682 , 0.6520352355840962
steel , 40 , 0.7010605788243753 , 0.6506515243470147
favor , 38 , 0.6651087542692792 , 0.6493057176536161
affili , 37 , 0.6471328419917312 , 0.6471328419917312
la , 37 , 0.6471328419917312 , 0.6471328419917312
va , 37 , 0.6471328419917312 , 0.6471328419917312
ordinari , 37 , 0.6471328419917312 , 0.6471328419917312
met , 37 , 0.6471328419917312 , 0.6471328419917312
alloc , 37 , 0.6471328419917312 , 0.6471328419917312
offset , 37 , 0.6471328419917312 , 0.6471328419917312
stockhold , 37 , 0.6471328419917312 , 0.6471328419917312
stabilis , 37 , 0.6471328419917312 , 0.6471328419917312
letter , 51 , 0.8987956138774043 , 0.6469364197505787
standard , 41 , 0.7190364911019235 , 0.6462299680150576
spot , 38 , 0.6651087542692792 , 0.6366614729634273
rumor , 37 , 0.6471328419917312 , 0.6328456624207641
push , 49 , 0.8628437893223082 , 0.6303458112214502
crisi , 36 , 0.629156929714183 , 0.629156929714183
monthli , 36 , 0.629156929714183 , 0.629156929714183
worri , 36 , 0.629156929714183 , 0.629156929714183
oversea , 36 , 0.629156929714183 , 0.629156929714183
surpris , 36 , 0.629156929714183 , 0.629156929714183
fulli , 36 , 0.629156929714183 , 0.629156929714183
turnov , 36 , 0.629156929714183 , 0.629156929714183
dominion , 36 , 0.629156929714183 , 0.629156929714183
feedgrain , 36 , 0.629156929714183 , 0.629156929714183
moscow , 36 , 0.629156929714183 , 0.629156929714183
venezuela , 36 , 0.629156929714183 , 0.629156929714183
delai , 36 , 0.629156929714183 , 0.629156929714183
shell , 38 , 0.6651087542692792 , 0.6284286445829527
visit , 41 , 0.7190364911019235 , 0.6276992964177709
fire , 41 , 0.7190364911019235 , 0.6259292837009103
supplier , 36 , 0.629156929714183 , 0.6238786610226218
sanction , 37 , 0.6471328419917312 , 0.6231332849487597
ban , 36 , 0.629156929714183 , 0.6191949350641599
exist , 44 , 0.7729642279345676 , 0.6165404887055489
equal , 39 , 0.6830846665468272 , 0.6146577903106548
ahead , 37 , 0.6471328419917312 , 0.6142287594347072
medium , 36 , 0.629156929714183 , 0.6123145779391326
monier , 35 , 0.6111810174366349 , 0.6111810174366349
interven , 35 , 0.6111810174366349 , 0.6111810174366349
escort , 35 , 0.6111810174366349 , 0.6111810174366349
oilse , 35 , 0.6111810174366349 , 0.6111810174366349
edelman , 35 , 0.6111810174366349 , 0.6111810174366349
dutch , 35 , 0.6111810174366349 , 0.6111810174366349
paul , 35 , 0.6111810174366349 , 0.6111810174366349
famili , 35 , 0.6111810174366349 , 0.6111810174366349
particip , 35 , 0.6111810174366349 , 0.6111810174366349
principl , 35 , 0.6111810174366349 , 0.6111810174366349
ventur , 35 , 0.6111810174366349 , 0.6111810174366349
pledg , 35 , 0.6111810174366349 , 0.6111810174366349
excess , 35 , 0.6111810174366349 , 0.6111810174366349
dayton , 35 , 0.6111810174366349 , 0.6111810174366349
acr , 35 , 0.6111810174366349 , 0.6111810174366349
distil , 35 , 0.6111810174366349 , 0.6111810174366349
greater , 35 , 0.6111810174366349 , 0.6111810174366349
turn , 42 , 0.7370124033794715 , 0.6096214112011122
weekend , 42 , 0.7370124033794715 , 0.6082825554281024
tighten , 35 , 0.6111810174366349 , 0.6075956070614558
stop , 37 , 0.6471328419917312 , 0.6051880790962808
differ , 36 , 0.629156929714183 , 0.6003511073708132
bring , 77 , 1.3661693330936544 , 0.5969354218284765
ownership , 35 , 0.6111810174366349 , 0.5961949097672151
csr , 34 , 0.5932051051590869 , 0.5932051051590869
curb , 34 , 0.5932051051590869 , 0.5932051051590869
gr , 34 , 0.5932051051590869 , 0.5932051051590869
william , 34 , 0.5932051051590869 , 0.5932051051590869
venic , 34 , 0.5932051051590869 , 0.5932051051590869
amend , 34 , 0.5932051051590869 , 0.5932051051590869
chase , 35 , 0.6111810174366349 , 0.5925504989681407
recommend , 38 , 0.6651087542692792 , 0.5887168208072342
maker , 36 , 0.629156929714183 , 0.5850836130643542
employee , 43 , 0.7549883156570196 , 0.582757001318192
help , 43 , 0.7549883156570196 , 0.5786859720694126
item , 42 , 0.7370124033794715 , 0.5760728624753853
cwt , 33 , 0.5752291928815387 , 0.5752291928815387
wholli , 33 , 0.5752291928815387 , 0.5752291928815387
estat , 33 , 0.5752291928815387 , 0.5752291928815387
revlon , 33 , 0.5752291928815387 , 0.5752291928815387
purpos , 33 , 0.5752291928815387 , 0.5752291928815387
structur , 33 , 0.5752291928815387 , 0.5752291928815387
engin , 33 , 0.5752291928815387 , 0.5752291928815387
immedi , 33 , 0.5752291928815387 , 0.5752291928815387
encourag , 33 , 0.5752291928815387 , 0.5752291928815387
princip , 33 , 0.5752291928815387 , 0.5752291928815387
algeria , 33 , 0.5752291928815387 , 0.5752291928815387
aggress , 33 , 0.5752291928815387 , 0.5752291928815387
lire , 33 , 0.5752291928815387 , 0.5752291928815387
swiss , 33 , 0.5752291928815387 , 0.5752291928815387
aug , 33 , 0.5752291928815387 , 0.5752291928815387
brand , 35 , 0.6111810174366349 , 0.5738382876050221
minimum , 33 , 0.5752291928815387 , 0.5707270066889087
factor , 46 , 0.8089160524896638 , 0.569569486722799
refer , 40 , 0.7010605788243753 , 0.5674382341838377
spring , 33 , 0.5752291928815387 , 0.566996364501064
pension , 33 , 0.5752291928815387 , 0.5625894866854958
retain , 34 , 0.5932051051590869 , 0.5606822561103099
indonesia , 32 , 0.5572532806039907 , 0.5572532806039907
yeutter , 32 , 0.5572532806039907 , 0.5572532806039907
escal , 32 , 0.5572532806039907 , 0.5572532806039907
raid , 32 , 0.5572532806039907 , 0.5572532806039907
ay , 32 , 0.5572532806039907 , 0.5572532806039907
pa , 32 , 0.5572532806039907 , 0.5572532806039907
remov , 32 , 0.5572532806039907 , 0.5572532806039907
hostil , 32 , 0.5572532806039907 , 0.5572532806039907
contribut , 32 , 0.5572532806039907 , 0.5572532806039907
sundai , 32 , 0.5572532806039907 , 0.5572532806039907
softwar , 32 , 0.5572532806039907 , 0.5572532806039907
becor , 32 , 0.5572532806039907 , 0.5572532806039907
sown , 32 , 0.5572532806039907 , 0.5572532806039907
counti , 32 , 0.5572532806039907 , 0.5572532806039907
link , 34 , 0.5932051051590869 , 0.5439034432533005
monitor , 32 , 0.5572532806039907 , 0.5436196441900183
claim , 37 , 0.6471328419917312 , 0.5394162219353994
halt , 31 , 0.5392773683264426 , 0.5392773683264426
welcom , 31 , 0.5392773683264426 , 0.5392773683264426
zealand , 31 , 0.5392773683264426 , 0.5392773683264426
renew , 31 , 0.5392773683264426 , 0.5392773683264426
serv , 31 , 0.5392773683264426 , 0.5392773683264426
steadi , 31 , 0.5392773683264426 , 0.5392773683264426
upward , 31 , 0.5392773683264426 , 0.5392773683264426
identifi , 31 , 0.5392773683264426 , 0.5392773683264426
longer , 31 , 0.5392773683264426 , 0.5392773683264426
opportun , 31 , 0.5392773683264426 , 0.5392773683264426
qualiti , 31 , 0.5392773683264426 , 0.5392773683264426
evalu , 31 , 0.5392773683264426 , 0.5392773683264426
approxim , 31 , 0.5392773683264426 , 0.5392773683264426
medic , 31 , 0.5392773683264426 , 0.5392773683264426
philippin , 31 , 0.5392773683264426 , 0.5392773683264426
flour , 32 , 0.5572532806039907 , 0.5380645273555635
narrow , 34 , 0.5932051051590869 , 0.5343635285588365
cite , 34 , 0.5932051051590869 , 0.529048951914109
interview , 33 , 0.5752291928815387 , 0.526158994177188
sea , 39 , 0.6830846665468272 , 0.5258666908422941
global , 38 , 0.6651087542692792 , 0.5221189577118177
progress , 35 , 0.6111810174366349 , 0.5214549881742401
sydnei , 30 , 0.5213014560488944 , 0.5213014560488944
fe , 30 , 0.5213014560488944 , 0.5213014560488944
sterl , 30 , 0.5213014560488944 , 0.5213014560488944
failur , 30 , 0.5213014560488944 , 0.5213014560488944
california , 30 , 0.5213014560488944 , 0.5213014560488944
investig , 30 , 0.5213014560488944 , 0.5213014560488944
liber , 30 , 0.5213014560488944 , 0.5213014560488944
cumul , 30 , 0.5213014560488944 , 0.5213014560488944
worldwid , 30 , 0.5213014560488944 , 0.5213014560488944
alberta , 30 , 0.5213014560488944 , 0.5213014560488944
creat , 30 , 0.5213014560488944 , 0.5213014560488944
sought , 30 , 0.5213014560488944 , 0.5213014560488944
regulatori , 30 , 0.5213014560488944 , 0.5213014560488944
deni , 30 , 0.5213014560488944 , 0.5213014560488944
transport , 30 , 0.5213014560488944 , 0.5193135956130356
grant , 31 , 0.5392773683264426 , 0.5188677601527961
access , 30 , 0.5213014560488944 , 0.5160912647695202
trend , 34 , 0.5932051051590869 , 0.5159644732917779
rest , 33 , 0.5752291928815387 , 0.5115087350745573
award , 30 , 0.5213014560488944 , 0.5086345188879767
white , 31 , 0.5392773683264426 , 0.5077802189546156
protectionist , 29 , 0.5033255437713464 , 0.5033255437713464
temporari , 29 , 0.5033255437713464 , 0.5033255437713464
specif , 29 , 0.5033255437713464 , 0.5033255437713464
kansa , 29 , 0.5033255437713464 , 0.5033255437713464
matur , 29 , 0.5033255437713464 , 0.5033255437713464
readi , 29 , 0.5033255437713464 , 0.5033255437713464
ldp , 29 , 0.5033255437713464 , 0.5033255437713464
mich , 29 , 0.5033255437713464 , 0.5033255437713464
mile , 29 , 0.5033255437713464 , 0.5033255437713464
minn , 29 , 0.5033255437713464 , 0.5033255437713464
expans , 29 , 0.5033255437713464 , 0.5033255437713464
enterpris , 29 , 0.5033255437713464 , 0.5033255437713464
compens , 29 , 0.5033255437713464 , 0.5033255437713464
pursu , 29 , 0.5033255437713464 , 0.5033255437713464
subordin , 29 , 0.5033255437713464 , 0.5033255437713464
correct , 30 , 0.5213014560488944 , 0.5026346296272338
risk , 30 , 0.5213014560488944 , 0.5012866968659323
threat , 37 , 0.6471328419917312 , 0.5012338706868142
coast , 31 , 0.5392773683264426 , 0.5000647789067617
assist , 31 , 0.5392773683264426 , 0.4990073097707911
tomorrow , 35 , 0.6111810174366349 , 0.49670657959721226
class , 50 , 0.8808197015998562 , 0.48847595968404894
time , 220 , 3.9367247887830312 , 0.4884586297015501
hutton , 28 , 0.48534963149379834 , 0.48534963149379834
dec , 28 , 0.48534963149379834 , 0.48534963149379834
spokeswoman , 28 , 0.48534963149379834 , 0.48534963149379834
sever , 28 , 0.48534963149379834 , 0.48534963149379834
appli , 28 , 0.48534963149379834 , 0.48534963149379834
middl , 28 , 0.48534963149379834 , 0.48534963149379834
slightli , 28 , 0.48534963149379834 , 0.48534963149379834
hudson , 28 , 0.48534963149379834 , 0.48534963149379834
won , 28 , 0.48534963149379834 , 0.48534963149379834
replac , 28 , 0.48534963149379834 , 0.48534963149379834
mideast , 28 , 0.48534963149379834 , 0.48534963149379834
destin , 28 , 0.48534963149379834 , 0.48534963149379834
consid , 28 , 0.48534963149379834 , 0.48534963149379834
emerg , 28 , 0.48534963149379834 , 0.48534963149379834
warrant , 28 , 0.48534963149379834 , 0.48534963149379834
assum , 28 , 0.48534963149379834 , 0.48534963149379834
gencorp , 28 , 0.48534963149379834 , 0.48534963149379834
recoveri , 28 , 0.48534963149379834 , 0.48534963149379834
evid , 28 , 0.48534963149379834 , 0.48534963149379834
argentin , 28 , 0.48534963149379834 , 0.48534963149379834
resolv , 28 , 0.48534963149379834 , 0.48534963149379834
real , 58 , 1.0246269998202409 , 0.4831301862969807
network , 38 , 0.6651087542692792 , 0.4824479803834114
feel , 28 , 0.48534963149379834 , 0.47598217957687455
adopt , 32 , 0.5572532806039907 , 0.4755376935089265
publish , 35 , 0.6111810174366349 , 0.47417749465747894
consult , 28 , 0.48534963149379834 , 0.4721743829885514
mean , 31 , 0.5392773683264426 , 0.47157665115359765
petrochem , 27 , 0.4673737192162502 , 0.4673737192162502
differenti , 27 , 0.4673737192162502 , 0.4673737192162502
entitl , 27 , 0.4673737192162502 , 0.4673737192162502
campeau , 27 , 0.4673737192162502 , 0.4673737192162502
volatil , 27 , 0.4673737192162502 , 0.4673737192162502
shortag , 27 , 0.4673737192162502 , 0.4673737192162502
jone , 27 , 0.4673737192162502 , 0.4673737192162502
vienna , 27 , 0.4673737192162502 , 0.4673737192162502
outlook , 27 , 0.4673737192162502 , 0.4673737192162502
revers , 27 , 0.4673737192162502 , 0.4673737192162502
mid , 27 , 0.4673737192162502 , 0.4673737192162502
alleg , 27 , 0.4673737192162502 , 0.4673737192162502
egypt , 27 , 0.4673737192162502 , 0.4673737192162502
collaps , 27 , 0.4673737192162502 , 0.4673737192162502
allegi , 27 , 0.4673737192162502 , 0.4673737192162502
recapit , 27 , 0.4673737192162502 , 0.4673737192162502
southmark , 27 , 0.4673737192162502 , 0.4673737192162502
reiter , 27 , 0.4673737192162502 , 0.4673737192162502
spirit , 34 , 0.5932051051590869 , 0.4658231899690193
premium , 27 , 0.4673737192162502 , 0.4655401675813485
resist , 29 , 0.5033255437713464 , 0.46495257576863785
connect , 31 , 0.5392773683264426 , 0.4611018066650996
weather , 31 , 0.5392773683264426 , 0.4588960985102425
gold , 33 , 0.5752291928815387 , 0.4578728112595354
elect , 29 , 0.5033255437713464 , 0.45578481759412914
pass , 29 , 0.5033255437713464 , 0.4546547325518258
slow , 29 , 0.5033255437713464 , 0.45450042375086874
northern , 31 , 0.5392773683264426 , 0.45346352101772425
koehler , 26 , 0.4493978069387021 , 0.4493978069387021
airlin , 26 , 0.4493978069387021 , 0.4493978069387021
loui , 26 , 0.4493978069387021 , 0.4493978069387021
ceil , 26 , 0.4493978069387021 , 0.4493978069387021
chanc , 26 , 0.4493978069387021 , 0.4493978069387021
nakason , 26 , 0.4493978069387021 , 0.4493978069387021
massiv , 26 , 0.4493978069387021 , 0.4493978069387021
chrysler , 26 , 0.4493978069387021 , 0.4493978069387021
kato , 26 , 0.4493978069387021 , 0.4493978069387021
francisco , 26 , 0.4493978069387021 , 0.4493978069387021
imbal , 26 , 0.4493978069387021 , 0.4493978069387021
portland , 26 , 0.4493978069387021 , 0.4493978069387021
peso , 26 , 0.4493978069387021 , 0.4493978069387021
regul , 26 , 0.4493978069387021 , 0.4493978069387021
thursdai , 26 , 0.4493978069387021 , 0.4493978069387021
pentagon , 26 , 0.4493978069387021 , 0.4493978069387021
intermedi , 26 , 0.4493978069387021 , 0.4493978069387021
greenspan , 26 , 0.4493978069387021 , 0.4493978069387021
naval , 26 , 0.4493978069387021 , 0.4488758801119355
wage , 28 , 0.48534963149379834 , 0.4483245962523913
arm , 26 , 0.4493978069387021 , 0.4477775645286528
water , 67 , 1.1864102103181737 , 0.4475842098298317
permit , 26 , 0.4493978069387021 , 0.44744625445600966
bulk , 26 , 0.4493978069387021 , 0.44736002306723954
hand , 29 , 0.5033255437713464 , 0.44270941596008967
reaction , 31 , 0.5392773683264426 , 0.43990250051008456
stand , 29 , 0.5033255437713464 , 0.43962777843509393
video , 33 , 0.5752291928815387 , 0.43746320308588893
allow , 53 , 0.9347474384325004 , 0.4354359279944177
maximum , 26 , 0.4493978069387021 , 0.4348746256721536
minor , 27 , 0.4673737192162502 , 0.4334666294530053
etl , 25 , 0.4314218946611541 , 0.4314218946611541
quickli , 25 , 0.4314218946611541 , 0.4314218946611541
ve , 25 , 0.4314218946611541 , 0.4314218946611541
attent , 25 , 0.4314218946611541 , 0.4314218946611541
