atributos_SMO,acertos_SMO,micro_SMO,macro_SMO,nome_SMO,atributos_IBk_3,acertos_IBk_3,micro_IBk_3,macro_IBk_3,nome_IBk_3,atributos_IBk_5,acertos_IBk_5,micro_IBk_5,macro_IBk_5,nome_IBk_5,atributos_IBk_7,acertos_IBk_7,micro_IBk_7,macro_IBk_7,nome_IBk_7,atributos_IBk_9,acertos_IBk_9,micro_IBk_9,macro_IBk_9,nome_IBk_9,atributos_IBk_11,acertos_IBk_11,micro_IBk_11,macro_IBk_11,nome_IBk_11,atributos_IBk_13,acertos_IBk_13,micro_IBk_13,macro_IBk_13,nome_IBk_13,atributos_IBk_15,acertos_IBk_15,micro_IBk_15,macro_IBk_15,nome_IBk_15,atributos_IBk_17,acertos_IBk_17,micro_IBk_17,macro_IBk_17,nome_IBk_17,atributos_IBk_19,acertos_IBk_19,micro_IBk_19,macro_IBk_19,nome_IBk_19,atributos_NaiveBayes,acertos_NaiveBayes,micro_NaiveBayes,macro_NaiveBayes,nome_NaiveBayes,atributos_MultilayerPerceptron,acertos_MultilayerPerceptron,micro_MultilayerPerceptron,macro_MultilayerPerceptron,nome_MultilayerPerceptron,atributos_J48,acertos_J48,micro_J48,macro_J48,nome_J48,
10, 25.13, 0.24, 0.16, SMO, 10, 37.34, 0.47, 0.35, IBk, 10, 38.78, 0.47, 0.35, IBk, 10, 38.87, 0.47, 0.35, IBk, 10, 38.15, 0.46, 0.34, IBk, 10, 39.32, 0.47, 0.35, IBk, 10, 38.6, 0.46, 0.34, IBk, 10, 39.41, 0.47, 0.35, IBk, 10, 38.78, 0.47, 0.35, IBk, 10, 39.14, 0.47, 0.36, IBk, 10, 25.49, 0.32, 0.21, NaiveBayes, 10, 42.37, 0.52, 0.39, MultilayerPerceptron, 10, 32.23, 0.42, 0.3, J48, 
110, 78.19, 0.83, 0.8, SMO, 110, 87.43, 0.92, 0.88, IBk, 110, 87.88, 0.92, 0.88, IBk, 110, 88.06, 0.92, 0.88, IBk, 110, 86.62, 0.91, 0.87, IBk, 110, 87.07, 0.92, 0.87, IBk, 110, 86.8, 0.91, 0.87, IBk, 110, 86.98, 0.91, 0.87, IBk, 110, 86.71, 0.91, 0.87, IBk, 110, 86.0, 0.91, 0.87, IBk, 110, 67.86, 0.77, 0.68, NaiveBayes, 110, 90.48, 0.94, 0.9, MultilayerPerceptron, 110, 81.24, 0.88, 0.81, J48, 
210, 85.01, 0.89, 0.86, SMO, 210, 89.14, 0.93, 0.89, IBk, 210, 89.59, 0.93, 0.9, IBk, 210, 89.59, 0.93, 0.9, IBk, 210, 89.14, 0.93, 0.89, IBk, 210, 88.33, 0.92, 0.89, IBk, 210, 89.05, 0.93, 0.89, IBk, 210, 88.96, 0.93, 0.89, IBk, 210, 88.69, 0.92, 0.89, IBk, 210, 88.69, 0.93, 0.89, IBk, 210, 68.67, 0.78, 0.69, NaiveBayes, 210, 90.84, 0.94, 0.91, MultilayerPerceptron, 210, 82.05, 0.88, 0.82, J48, 
310, 84.65, 0.89, 0.86, SMO, 310, 89.05, 0.93, 0.89, IBk, 310, 88.51, 0.92, 0.88, IBk, 310, 89.86, 0.93, 0.9, IBk, 310, 89.86, 0.93, 0.9, IBk, 310, 88.87, 0.93, 0.89, IBk, 310, 89.14, 0.93, 0.89, IBk, 310, 88.78, 0.93, 0.89, IBk, 310, 88.33, 0.92, 0.89, IBk, 310, 88.87, 0.93, 0.89, IBk, 310, 69.39, 0.79, 0.69, NaiveBayes, 310, 90.75, 0.94, 0.91, MultilayerPerceptron, 310, 81.78, 0.88, 0.82, J48, 
410, 82.68, 0.87, 0.84, SMO, 410, 88.96, 0.93, 0.89, IBk, 410, 89.5, 0.93, 0.9, IBk, 410, 89.5, 0.93, 0.9, IBk, 410, 90.04, 0.93, 0.9, IBk, 410, 90.13, 0.93, 0.91, IBk, 410, 89.86, 0.93, 0.9, IBk, 410, 89.14, 0.93, 0.89, IBk, 410, 88.78, 0.92, 0.89, IBk, 410, 89.05, 0.92, 0.89, IBk, 410, 67.95, 0.78, 0.68, NaiveBayes, 410, 90.93, 0.94, 0.91, MultilayerPerceptron, 410, 81.06, 0.88, 0.81, J48, 
510, 83.3, 0.88, 0.85, SMO, 510, 89.32, 0.93, 0.89, IBk, 510, 89.95, 0.93, 0.9, IBk, 510, 90.04, 0.93, 0.9, IBk, 510, 89.59, 0.93, 0.9, IBk, 510, 90.04, 0.93, 0.9, IBk, 510, 89.5, 0.93, 0.9, IBk, 510, 89.23, 0.93, 0.89, IBk, 510, 89.14, 0.93, 0.89, IBk, 510, 88.96, 0.93, 0.89, IBk, 510, 69.75, 0.79, 0.7, NaiveBayes, 510, 91.38, 0.95, 0.91, MultilayerPerceptron, 510, 80.07, 0.87, 0.8, J48, 
610, 82.23, 0.87, 0.84, SMO, 610, 89.14, 0.93, 0.89, IBk, 610, 88.87, 0.93, 0.89, IBk, 610, 89.32, 0.93, 0.89, IBk, 610, 89.68, 0.93, 0.9, IBk, 610, 90.22, 0.93, 0.9, IBk, 610, 89.14, 0.93, 0.89, IBk, 610, 89.23, 0.93, 0.89, IBk, 610, 88.96, 0.93, 0.89, IBk, 610, 89.41, 0.93, 0.9, IBk, 610, 68.22, 0.78, 0.69, NaiveBayes, 610, 91.38, 0.95, 0.91, MultilayerPerceptron, 610, 82.76, 0.89, 0.83, J48, 
710, 82.23, 0.87, 0.84, SMO, 710, 89.5, 0.93, 0.89, IBk, 710, 89.5, 0.93, 0.9, IBk, 710, 90.04, 0.93, 0.9, IBk, 710, 89.41, 0.93, 0.9, IBk, 710, 89.77, 0.93, 0.9, IBk, 710, 89.41, 0.93, 0.9, IBk, 710, 90.04, 0.93, 0.9, IBk, 710, 89.41, 0.93, 0.9, IBk, 710, 89.23, 0.93, 0.89, IBk, 710, 68.22, 0.78, 0.69, NaiveBayes, 710, 91.38, 0.95, 0.91, MultilayerPerceptron, 710, 82.76, 0.89, 0.82, J48, 
810, 80.61, 0.85, 0.82, SMO, 810, 89.59, 0.93, 0.9, IBk, 810, 89.32, 0.93, 0.89, IBk, 810, 89.77, 0.93, 0.9, IBk, 810, 89.32, 0.93, 0.9, IBk, 810, 89.41, 0.93, 0.89, IBk, 810, 90.31, 0.93, 0.9, IBk, 810, 89.68, 0.93, 0.9, IBk, 810, 89.41, 0.93, 0.9, IBk, 810, 89.23, 0.93, 0.89, IBk, 810, 68.04, 0.77, 0.69, NaiveBayes, 810, 91.65, 0.95, 0.91, MultilayerPerceptron, 810, 83.03, 0.89, 0.83, J48, 
910, 79.98, 0.85, 0.82, SMO, 910, 88.87, 0.93, 0.89, IBk, 910, 89.41, 0.93, 0.89, IBk, 910, 89.95, 0.93, 0.9, IBk, 910, 90.04, 0.93, 0.9, IBk, 910, 90.04, 0.93, 0.9, IBk, 910, 89.86, 0.93, 0.9, IBk, 910, 89.86, 0.93, 0.9, IBk, 910, 89.5, 0.93, 0.9, IBk, 910, 88.87, 0.93, 0.89, IBk, 910, 69.12, 0.79, 0.7, NaiveBayes, 910, 91.65, 0.95, 0.92, MultilayerPerceptron, 910, 82.76, 0.89, 0.83, J48, 
1010, 81.06, 0.86, 0.83, SMO, 1010, 89.68, 0.93, 0.9, IBk, 1010, 89.86, 0.93, 0.9, IBk, 1010, 90.22, 0.94, 0.9, IBk, 1010, 90.13, 0.94, 0.9, IBk, 1010, 90.31, 0.94, 0.9, IBk, 1010, 90.39, 0.94, 0.91, IBk, 1010, 89.5, 0.93, 0.9, IBk, 1010, 89.68, 0.93, 0.9, IBk, 1010, 89.68, 0.93, 0.9, IBk, 1010, 69.12, 0.79, 0.71, NaiveBayes, 1010, 91.83, 0.95, 0.92, MultilayerPerceptron, 1010, 83.3, 0.89, 0.83, J48, 
1110, 80.88, 0.86, 0.83, SMO, 1110, 88.6, 0.93, 0.89, IBk, 1110, 89.59, 0.93, 0.9, IBk, 1110, 90.57, 0.94, 0.91, IBk, 1110, 90.31, 0.94, 0.9, IBk, 1110, 89.95, 0.93, 0.9, IBk, 1110, 90.22, 0.93, 0.9, IBk, 1110, 89.77, 0.93, 0.9, IBk, 1110, 89.59, 0.93, 0.9, IBk, 1110, 89.41, 0.93, 0.9, IBk, 1110, 69.66, 0.79, 0.71, NaiveBayes, 1110, 92.19, 0.95, 0.92, MultilayerPerceptron, 1110, 81.87, 0.88, 0.82, J48, 
1210, 80.7, 0.86, 0.83, SMO, 1210, 88.69, 0.93, 0.89, IBk, 1210, 89.41, 0.93, 0.9, IBk, 1210, 90.39, 0.94, 0.91, IBk, 1210, 90.48, 0.94, 0.91, IBk, 1210, 89.95, 0.93, 0.9, IBk, 1210, 89.95, 0.93, 0.9, IBk, 1210, 89.77, 0.93, 0.9, IBk, 1210, 89.86, 0.93, 0.9, IBk, 1210, 90.22, 0.94, 0.9, IBk, 1210, 69.75, 0.79, 0.71, NaiveBayes, 1210, 92.01, 0.95, 0.92, MultilayerPerceptron, 1210, 83.12, 0.89, 0.83, J48, 
1310, 80.52, 0.85, 0.83, SMO, 1310, 89.23, 0.93, 0.89, IBk, 1310, 89.5, 0.93, 0.9, IBk, 1310, 90.48, 0.94, 0.91, IBk, 1310, 89.59, 0.93, 0.9, IBk, 1310, 89.77, 0.93, 0.9, IBk, 1310, 90.22, 0.94, 0.9, IBk, 1310, 90.22, 0.94, 0.9, IBk, 1310, 89.68, 0.93, 0.9, IBk, 1310, 89.32, 0.93, 0.9, IBk, 1310, 69.3, 0.79, 0.7, NaiveBayes, 1310, 91.47, 0.94, 0.91, MultilayerPerceptron, 1310, 83.12, 0.89, 0.83, J48, 
1410, 80.79, 0.86, 0.83, SMO, 1410, 89.14, 0.93, 0.89, IBk, 1410, 89.86, 0.93, 0.9, IBk, 1410, 90.48, 0.94, 0.91, IBk, 1410, 89.41, 0.93, 0.9, IBk, 1410, 89.68, 0.93, 0.9, IBk, 1410, 89.59, 0.93, 0.9, IBk, 1410, 89.95, 0.94, 0.9, IBk, 1410, 89.59, 0.93, 0.9, IBk, 1410, 89.59, 0.93, 0.9, IBk, 1410, 69.12, 0.79, 0.69, NaiveBayes, 1410, 91.47, 0.94, 0.91, MultilayerPerceptron, 1410, 82.41, 0.89, 0.82, J48, 
1510, 80.34, 0.85, 0.82, SMO, 1510, 89.5, 0.93, 0.9, IBk, 1510, 90.13, 0.93, 0.9, IBk, 1510, 89.95, 0.93, 0.9, IBk, 1510, 89.41, 0.93, 0.89, IBk, 1510, 89.86, 0.93, 0.9, IBk, 1510, 89.5, 0.93, 0.9, IBk, 1510, 89.05, 0.93, 0.89, IBk, 1510, 89.59, 0.93, 0.9, IBk, 1510, 89.14, 0.93, 0.9, IBk, 1510, 69.3, 0.79, 0.7, NaiveBayes, 1510, 91.74, 0.95, 0.92, MultilayerPerceptron, 1510, 83.03, 0.89, 0.83, J48, 
1610, 79.71, 0.85, 0.82, SMO, 1610, 90.22, 0.94, 0.9, IBk, 1610, 90.22, 0.94, 0.9, IBk, 1610, 90.31, 0.94, 0.9, IBk, 1610, 90.04, 0.93, 0.9, IBk, 1610, 89.86, 0.93, 0.9, IBk, 1610, 89.68, 0.93, 0.9, IBk, 1610, 89.41, 0.93, 0.9, IBk, 1610, 89.68, 0.93, 0.9, IBk, 1610, 89.14, 0.93, 0.9, IBk, 1610, 69.39, 0.79, 0.7, NaiveBayes, 1610, 91.83, 0.95, 0.92, MultilayerPerceptron, 1610, 84.47, 0.9, 0.84, J48, 
1710, 81.15, 0.86, 0.83, SMO, 1710, 89.95, 0.93, 0.9, IBk, 1710, 90.66, 0.94, 0.91, IBk, 1710, 90.22, 0.94, 0.9, IBk, 1710, 90.48, 0.94, 0.91, IBk, 1710, 89.95, 0.93, 0.9, IBk, 1710, 90.13, 0.94, 0.9, IBk, 1710, 89.77, 0.93, 0.9, IBk, 1710, 89.77, 0.93, 0.9, IBk, 1710, 89.5, 0.93, 0.9, IBk, 1710, 69.3, 0.79, 0.7, NaiveBayes, 1710, 91.29, 0.94, 0.91, MultilayerPerceptron, 1710, 85.19, 0.91, 0.85, J48, 
1810, 82.59, 0.87, 0.84, SMO, 1810, 89.86, 0.93, 0.9, IBk, 1810, 90.31, 0.94, 0.9, IBk, 1810, 90.48, 0.94, 0.9, IBk, 1810, 90.22, 0.94, 0.9, IBk, 1810, 90.04, 0.93, 0.9, IBk, 1810, 90.04, 0.93, 0.9, IBk, 1810, 90.22, 0.94, 0.91, IBk, 1810, 89.86, 0.93, 0.9, IBk, 1810, 89.32, 0.93, 0.9, IBk, 1810, 69.84, 0.79, 0.7, NaiveBayes, 1810, 91.2, 0.94, 0.91, MultilayerPerceptron, 1810, 84.56, 0.9, 0.85, J48, 
1910, 82.5, 0.87, 0.84, SMO, 1910, 89.68, 0.93, 0.9, IBk, 1910, 90.13, 0.93, 0.9, IBk, 1910, 90.31, 0.94, 0.9, IBk, 1910, 90.48, 0.94, 0.91, IBk, 1910, 90.22, 0.94, 0.9, IBk, 1910, 90.13, 0.93, 0.9, IBk, 1910, 90.39, 0.94, 0.91, IBk, 1910, 90.13, 0.94, 0.9, IBk, 1910, 89.68, 0.93, 0.9, IBk, 1910, 70.38, 0.79, 0.7, NaiveBayes, 1910, 91.47, 0.95, 0.91, MultilayerPerceptron, 1910, 85.37, 0.91, 0.85, J48, 
2010, 82.41, 0.87, 0.84, SMO, 2010, 89.23, 0.93, 0.89, IBk, 2010, 89.95, 0.93, 0.9, IBk, 2010, 90.39, 0.94, 0.9, IBk, 2010, 90.31, 0.94, 0.9, IBk, 2010, 90.39, 0.94, 0.91, IBk, 2010, 90.04, 0.93, 0.9, IBk, 2010, 90.31, 0.94, 0.91, IBk, 2010, 90.04, 0.93, 0.9, IBk, 2010, 89.5, 0.93, 0.9, IBk, 2010, 70.47, 0.79, 0.7, NaiveBayes, 2010, 90.93, 0.94, 0.91, MultilayerPerceptron, 2010, 84.02, 0.9, 0.84, J48, 
2110, 83.39, 0.88, 0.85, SMO, 2110, 89.86, 0.93, 0.9, IBk, 2110, 90.31, 0.94, 0.9, IBk, 2110, 90.48, 0.94, 0.91, IBk, 2110, 90.22, 0.94, 0.9, IBk, 2110, 90.22, 0.94, 0.9, IBk, 2110, 90.13, 0.94, 0.9, IBk, 2110, 89.77, 0.93, 0.9, IBk, 2110, 89.68, 0.93, 0.9, IBk, 2110, 89.5, 0.93, 0.9, IBk, 2110, 70.2, 0.79, 0.71, NaiveBayes, 2110, 91.02, 0.94, 0.91, MultilayerPerceptron, 2110, 83.39, 0.89, 0.83, J48, 
2210, 82.5, 0.87, 0.84, SMO, 2210, 89.77, 0.93, 0.9, IBk, 2210, 90.22, 0.94, 0.9, IBk, 2210, 90.93, 0.94, 0.91, IBk, 2210, 90.31, 0.94, 0.9, IBk, 2210, 90.48, 0.94, 0.91, IBk, 2210, 90.39, 0.94, 0.91, IBk, 2210, 90.66, 0.94, 0.91, IBk, 2210, 89.86, 0.93, 0.9, IBk, 2210, 89.68, 0.93, 0.9, IBk, 2210, 70.29, 0.79, 0.71, NaiveBayes, 2210, 91.11, 0.94, 0.91, MultilayerPerceptron, 2210, 83.84, 0.9, 0.84, J48, 
2310, 82.85, 0.87, 0.84, SMO, 2310, 89.5, 0.93, 0.9, IBk, 2310, 90.04, 0.93, 0.9, IBk, 2310, 90.48, 0.94, 0.91, IBk, 2310, 90.31, 0.94, 0.9, IBk, 2310, 90.31, 0.94, 0.9, IBk, 2310, 90.31, 0.94, 0.91, IBk, 2310, 90.66, 0.94, 0.91, IBk, 2310, 89.77, 0.93, 0.9, IBk, 2310, 89.68, 0.93, 0.9, IBk, 2310, 70.38, 0.79, 0.7, NaiveBayes, 2310, 91.11, 0.94, 0.91, MultilayerPerceptron, 2310, 84.47, 0.9, 0.84, J48, 
2410, 82.23, 0.87, 0.84, SMO, 2410, 89.23, 0.93, 0.89, IBk, 2410, 89.95, 0.93, 0.9, IBk, 2410, 90.22, 0.93, 0.9, IBk, 2410, 90.39, 0.94, 0.9, IBk, 2410, 90.31, 0.94, 0.9, IBk, 2410, 90.04, 0.93, 0.9, IBk, 2410, 90.39, 0.94, 0.91, IBk, 2410, 89.77, 0.93, 0.9, IBk, 2410, 89.77, 0.93, 0.9, IBk, 2410, 71.01, 0.8, 0.71, NaiveBayes, 2410, 91.74, 0.95, 0.92, MultilayerPerceptron, 2410, 84.38, 0.9, 0.84, J48, 
2510, 82.76, 0.87, 0.85, SMO, 2510, 89.59, 0.93, 0.9, IBk, 2510, 89.95, 0.93, 0.9, IBk, 2510, 90.31, 0.94, 0.9, IBk, 2510, 90.13, 0.93, 0.9, IBk, 2510, 90.13, 0.94, 0.9, IBk, 2510, 90.22, 0.94, 0.9, IBk, 2510, 90.22, 0.94, 0.9, IBk, 2510, 89.59, 0.93, 0.9, IBk, 2510, 89.86, 0.93, 0.9, IBk, 2510, 71.45, 0.8, 0.72, NaiveBayes, 2510, 91.74, 0.95, 0.92, MultilayerPerceptron, 2510, 85.01, 0.9, 0.85, J48, 
2610, 82.85, 0.87, 0.85, SMO, 2610, 89.59, 0.93, 0.9, IBk, 2610, 89.95, 0.93, 0.9, IBk, 2610, 90.22, 0.94, 0.9, IBk, 2610, 90.31, 0.94, 0.9, IBk, 2610, 90.22, 0.94, 0.9, IBk, 2610, 90.31, 0.94, 0.91, IBk, 2610, 90.22, 0.94, 0.9, IBk, 2610, 89.68, 0.93, 0.9, IBk, 2610, 89.77, 0.93, 0.9, IBk, 2610, 71.54, 0.81, 0.72, NaiveBayes, 2610, 91.65, 0.95, 0.91, MultilayerPerceptron, 2610, 84.65, 0.9, 0.84, J48, 
2710, 83.84, 0.88, 0.85, SMO, 2710, 89.68, 0.93, 0.9, IBk, 2710, 90.13, 0.93, 0.9, IBk, 2710, 90.22, 0.93, 0.9, IBk, 2710, 90.22, 0.93, 0.9, IBk, 2710, 90.22, 0.94, 0.9, IBk, 2710, 90.13, 0.94, 0.9, IBk, 2710, 90.31, 0.94, 0.91, IBk, 2710, 89.95, 0.93, 0.9, IBk, 2710, 89.86, 0.93, 0.9, IBk, 2710, 71.81, 0.81, 0.72, NaiveBayes, 2710, 92.1, 0.95, 0.92, MultilayerPerceptron, 2710, 85.01, 0.91, 0.85, J48, 
2810, 83.93, 0.88, 0.85, SMO, 2810, 89.5, 0.93, 0.9, IBk, 2810, 89.77, 0.93, 0.9, IBk, 2810, 90.39, 0.94, 0.9, IBk, 2810, 90.39, 0.94, 0.9, IBk, 2810, 90.13, 0.94, 0.9, IBk, 2810, 90.22, 0.94, 0.9, IBk, 2810, 90.22, 0.94, 0.9, IBk, 2810, 89.95, 0.93, 0.9, IBk, 2810, 89.68, 0.93, 0.9, IBk, 2810, 71.54, 0.8, 0.72, NaiveBayes, 2810, 92.19, 0.95, 0.92, MultilayerPerceptron, 2810, 85.73, 0.91, 0.86, J48, 
2910, 83.93, 0.88, 0.85, SMO, 2910, 89.77, 0.93, 0.9, IBk, 2910, 89.68, 0.93, 0.9, IBk, 2910, 90.48, 0.94, 0.9, IBk, 2910, 90.39, 0.94, 0.9, IBk, 2910, 89.95, 0.93, 0.9, IBk, 2910, 89.95, 0.93, 0.9, IBk, 2910, 90.39, 0.94, 0.9, IBk, 2910, 90.39, 0.94, 0.91, IBk, 2910, 90.13, 0.94, 0.9, IBk, 2910, 71.63, 0.8, 0.72, NaiveBayes, 2910, 91.56, 0.95, 0.91, MultilayerPerceptron, 2910, 84.56, 0.9, 0.85, J48, 
3010, 83.93, 0.88, 0.85, SMO, 3010, 89.95, 0.93, 0.9, IBk, 3010, 89.86, 0.93, 0.9, IBk, 3010, 90.84, 0.94, 0.91, IBk, 3010, 90.57, 0.94, 0.91, IBk, 3010, 90.31, 0.94, 0.9, IBk, 3010, 90.04, 0.93, 0.9, IBk, 3010, 90.13, 0.94, 0.9, IBk, 3010, 90.31, 0.94, 0.91, IBk, 3010, 90.31, 0.94, 0.91, IBk, 3010, 71.81, 0.81, 0.72, NaiveBayes, 3010, 91.56, 0.95, 0.91, MultilayerPerceptron, 3010, 84.02, 0.9, 0.84, J48, 
3110, 83.75, 0.88, 0.85, SMO, 3110, 90.22, 0.94, 0.9, IBk, 3110, 89.86, 0.93, 0.9, IBk, 3110, 90.75, 0.94, 0.91, IBk, 3110, 90.39, 0.94, 0.9, IBk, 3110, 90.04, 0.93, 0.9, IBk, 3110, 89.95, 0.93, 0.9, IBk, 3110, 90.31, 0.94, 0.9, IBk, 3110, 90.31, 0.94, 0.91, IBk, 3110, 90.31, 0.94, 0.91, IBk, 3110, 71.45, 0.8, 0.72, NaiveBayes, 3110, 91.74, 0.95, 0.92, MultilayerPerceptron, 3110, 84.38, 0.9, 0.85, J48, 
3210, 83.75, 0.88, 0.85, SMO, 3210, 89.86, 0.93, 0.9, IBk, 3210, 89.77, 0.93, 0.9, IBk, 3210, 90.84, 0.94, 0.91, IBk, 3210, 90.57, 0.94, 0.91, IBk, 3210, 89.86, 0.93, 0.9, IBk, 3210, 89.95, 0.93, 0.9, IBk, 3210, 90.31, 0.94, 0.91, IBk, 3210, 90.13, 0.94, 0.91, IBk, 3210, 90.22, 0.94, 0.91, IBk, 3210, 71.9, 0.81, 0.72, NaiveBayes, 3210, 91.56, 0.94, 0.91, MultilayerPerceptron, 3210, 83.57, 0.9, 0.84, J48, 
3310, 83.93, 0.88, 0.85, SMO, 3310, 89.86, 0.93, 0.9, IBk, 3310, 89.86, 0.93, 0.9, IBk, 3310, 90.84, 0.94, 0.91, IBk, 3310, 90.57, 0.94, 0.91, IBk, 3310, 90.04, 0.93, 0.9, IBk, 3310, 89.95, 0.93, 0.9, IBk, 3310, 90.13, 0.93, 0.9, IBk, 3310, 89.95, 0.93, 0.9, IBk, 3310, 90.31, 0.94, 0.91, IBk, 3310, 71.81, 0.81, 0.72, NaiveBayes, 3310, 91.74, 0.95, 0.91, MultilayerPerceptron, 3310, 83.03, 0.89, 0.83, J48, 
3410, 84.29, 0.89, 0.86, SMO, 3410, 89.86, 0.93, 0.9, IBk, 3410, 89.41, 0.93, 0.9, IBk, 3410, 90.84, 0.94, 0.91, IBk, 3410, 90.66, 0.94, 0.91, IBk, 3410, 89.86, 0.93, 0.9, IBk, 3410, 89.86, 0.93, 0.9, IBk, 3410, 90.22, 0.94, 0.9, IBk, 3410, 90.04, 0.94, 0.9, IBk, 3410, 90.48, 0.94, 0.91, IBk, 3410, 72.35, 0.81, 0.72, NaiveBayes, 3410, 91.65, 0.95, 0.91, MultilayerPerceptron, 3410, 84.74, 0.9, 0.85, J48, 
3510, 84.29, 0.89, 0.86, SMO, 3510, 89.95, 0.93, 0.9, IBk, 3510, 89.41, 0.93, 0.89, IBk, 3510, 90.93, 0.94, 0.91, IBk, 3510, 90.48, 0.94, 0.9, IBk, 3510, 89.95, 0.93, 0.9, IBk, 3510, 89.86, 0.93, 0.9, IBk, 3510, 90.04, 0.93, 0.9, IBk, 3510, 90.13, 0.94, 0.91, IBk, 3510, 90.48, 0.94, 0.91, IBk, 3510, 72.35, 0.81, 0.72, NaiveBayes, 3510, 91.56, 0.94, 0.91, MultilayerPerceptron, 3510, 84.11, 0.9, 0.84, J48, 
3610, 84.2, 0.88, 0.86, SMO, 3610, 89.95, 0.94, 0.9, IBk, 3610, 89.77, 0.93, 0.9, IBk, 3610, 91.02, 0.94, 0.91, IBk, 3610, 90.84, 0.94, 0.91, IBk, 3610, 90.31, 0.94, 0.9, IBk, 3610, 90.31, 0.94, 0.9, IBk, 3610, 89.86, 0.93, 0.9, IBk, 3610, 90.13, 0.94, 0.91, IBk, 3610, 90.22, 0.94, 0.91, IBk, 3610, 72.8, 0.81, 0.73, NaiveBayes, 3610, 91.74, 0.95, 0.92, MultilayerPerceptron, 3610, 85.19, 0.91, 0.85, J48, 
3710, 83.84, 0.88, 0.85, SMO, 3710, 89.77, 0.93, 0.9, IBk, 3710, 89.77, 0.93, 0.9, IBk, 3710, 91.29, 0.94, 0.91, IBk, 3710, 91.2, 0.94, 0.91, IBk, 3710, 90.39, 0.94, 0.91, IBk, 3710, 90.48, 0.94, 0.91, IBk, 3710, 89.68, 0.93, 0.9, IBk, 3710, 90.22, 0.94, 0.91, IBk, 3710, 90.39, 0.94, 0.91, IBk, 3710, 72.89, 0.81, 0.73, NaiveBayes, 3710, 91.74, 0.95, 0.92, MultilayerPerceptron, 3710, 85.46, 0.91, 0.86, J48, 
3810, 83.84, 0.88, 0.85, SMO, 3810, 89.77, 0.93, 0.9, IBk, 3810, 89.68, 0.93, 0.9, IBk, 3810, 91.2, 0.94, 0.91, IBk, 3810, 91.11, 0.94, 0.91, IBk, 3810, 90.48, 0.94, 0.91, IBk, 3810, 90.57, 0.94, 0.91, IBk, 3810, 89.77, 0.93, 0.9, IBk, 3810, 90.22, 0.94, 0.91, IBk, 3810, 90.39, 0.94, 0.91, IBk, 3810, 72.35, 0.81, 0.72, NaiveBayes, 3810, 92.37, 0.95, 0.92, MultilayerPerceptron, 3810, 85.19, 0.91, 0.85, J48, 
3910, 83.48, 0.88, 0.85, SMO, 3910, 89.95, 0.94, 0.9, IBk, 3910, 89.77, 0.93, 0.9, IBk, 3910, 91.2, 0.94, 0.91, IBk, 3910, 91.02, 0.94, 0.91, IBk, 3910, 90.66, 0.94, 0.91, IBk, 3910, 90.57, 0.94, 0.91, IBk, 3910, 89.77, 0.93, 0.9, IBk, 3910, 90.31, 0.94, 0.91, IBk, 3910, 90.22, 0.94, 0.91, IBk, 3910, 72.62, 0.81, 0.73, NaiveBayes, 3910, 92.46, 0.95, 0.92, MultilayerPerceptron, 3910, 84.83, 0.91, 0.85, J48, 
4010, 83.84, 0.88, 0.85, SMO, 4010, 90.04, 0.94, 0.9, IBk, 4010, 89.68, 0.93, 0.9, IBk, 4010, 91.11, 0.94, 0.91, IBk, 4010, 90.93, 0.94, 0.91, IBk, 4010, 90.57, 0.94, 0.91, IBk, 4010, 90.57, 0.94, 0.91, IBk, 4010, 89.86, 0.93, 0.9, IBk, 4010, 90.22, 0.94, 0.91, IBk, 4010, 90.04, 0.93, 0.9, IBk, 4010, 72.53, 0.81, 0.72, NaiveBayes, 4010, 92.28, 0.95, 0.92, MultilayerPerceptron, 4010, 84.65, 0.9, 0.85, J48, 
4110, 83.39, 0.88, 0.85, SMO, 4110, 90.04, 0.94, 0.9, IBk, 4110, 89.68, 0.93, 0.9, IBk, 4110, 91.11, 0.94, 0.91, IBk, 4110, 91.02, 0.94, 0.91, IBk, 4110, 90.57, 0.94, 0.91, IBk, 4110, 90.57, 0.94, 0.91, IBk, 4110, 90.04, 0.93, 0.9, IBk, 4110, 90.39, 0.94, 0.91, IBk, 4110, 90.13, 0.93, 0.91, IBk, 4110, 72.44, 0.81, 0.72, NaiveBayes, 4110, 92.46, 0.95, 0.92, MultilayerPerceptron, 4110, 84.2, 0.9, 0.84, J48, 
4210, 84.02, 0.88, 0.86, SMO, 4210, 90.31, 0.94, 0.9, IBk, 4210, 89.77, 0.93, 0.9, IBk, 4210, 90.93, 0.94, 0.91, IBk, 4210, 90.93, 0.94, 0.91, IBk, 4210, 90.48, 0.94, 0.91, IBk, 4210, 90.39, 0.94, 0.91, IBk, 4210, 90.04, 0.93, 0.9, IBk, 4210, 90.48, 0.94, 0.91, IBk, 4210, 90.13, 0.93, 0.9, IBk, 4210, 72.71, 0.81, 0.73, NaiveBayes, 4210, 92.19, 0.95, 0.92, MultilayerPerceptron, 4210, 84.47, 0.9, 0.85, J48, 
4310, 83.84, 0.88, 0.85, SMO, 4310, 90.22, 0.94, 0.9, IBk, 4310, 89.77, 0.93, 0.9, IBk, 4310, 91.02, 0.94, 0.91, IBk, 4310, 90.84, 0.94, 0.91, IBk, 4310, 90.48, 0.94, 0.91, IBk, 4310, 90.31, 0.94, 0.9, IBk, 4310, 90.04, 0.93, 0.9, IBk, 4310, 90.31, 0.94, 0.91, IBk, 4310, 90.13, 0.93, 0.9, IBk, 4310, 72.62, 0.81, 0.73, NaiveBayes, 4310, 92.37, 0.95, 0.92, MultilayerPerceptron, 4310, 84.02, 0.9, 0.84, J48, 
4410, 83.84, 0.88, 0.85, SMO, 4410, 90.31, 0.94, 0.9, IBk, 4410, 89.86, 0.93, 0.9, IBk, 4410, 91.02, 0.94, 0.91, IBk, 4410, 90.84, 0.94, 0.91, IBk, 4410, 90.39, 0.94, 0.91, IBk, 4410, 90.31, 0.94, 0.9, IBk, 4410, 90.04, 0.93, 0.9, IBk, 4410, 90.31, 0.94, 0.91, IBk, 4410, 90.22, 0.93, 0.91, IBk, 4410, 72.62, 0.81, 0.73, NaiveBayes, 4410, 92.28, 0.95, 0.92, MultilayerPerceptron, 4410, 84.47, 0.9, 0.85, J48, 
4510, 83.93, 0.88, 0.85, SMO, 4510, 90.31, 0.94, 0.9, IBk, 4510, 89.86, 0.93, 0.9, IBk, 4510, 90.93, 0.94, 0.91, IBk, 4510, 90.84, 0.94, 0.91, IBk, 4510, 90.39, 0.94, 0.91, IBk, 4510, 90.31, 0.94, 0.9, IBk, 4510, 90.04, 0.93, 0.9, IBk, 4510, 90.31, 0.94, 0.91, IBk, 4510, 90.22, 0.93, 0.91, IBk, 4510, 72.26, 0.81, 0.72, NaiveBayes, 4510, 92.55, 0.95, 0.92, MultilayerPerceptron, 4510, 84.65, 0.9, 0.85, J48, 
4610, 83.75, 0.88, 0.85, SMO, 4610, 90.31, 0.94, 0.9, IBk, 4610, 89.95, 0.93, 0.9, IBk, 4610, 90.93, 0.94, 0.91, IBk, 4610, 90.93, 0.94, 0.91, IBk, 4610, 90.39, 0.94, 0.91, IBk, 4610, 90.31, 0.94, 0.9, IBk, 4610, 90.04, 0.93, 0.9, IBk, 4610, 90.39, 0.94, 0.91, IBk, 4610, 90.31, 0.94, 0.91, IBk, 4610, 72.53, 0.81, 0.72, NaiveBayes, 4610, 92.64, 0.95, 0.92, MultilayerPerceptron, 4610, 84.65, 0.9, 0.85, J48, 
4710, 83.66, 0.88, 0.85, SMO, 4710, 90.31, 0.94, 0.9, IBk, 4710, 89.95, 0.93, 0.9, IBk, 4710, 91.02, 0.94, 0.91, IBk, 4710, 90.93, 0.94, 0.91, IBk, 4710, 90.48, 0.94, 0.91, IBk, 4710, 90.39, 0.94, 0.91, IBk, 4710, 89.77, 0.93, 0.9, IBk, 4710, 90.48, 0.94, 0.91, IBk, 4710, 90.13, 0.93, 0.9, IBk, 4710, 72.35, 0.81, 0.72, NaiveBayes, 4710, 92.82, 0.95, 0.93, MultilayerPerceptron, 4710, 84.38, 0.9, 0.84, J48, 
4810, 83.75, 0.88, 0.85, SMO, 4810, 90.39, 0.94, 0.91, IBk, 4810, 90.04, 0.94, 0.9, IBk, 4810, 91.02, 0.94, 0.91, IBk, 4810, 90.93, 0.94, 0.91, IBk, 4810, 90.39, 0.94, 0.91, IBk, 4810, 90.22, 0.94, 0.9, IBk, 4810, 89.68, 0.93, 0.9, IBk, 4810, 90.48, 0.94, 0.91, IBk, 4810, 90.13, 0.93, 0.9, IBk, 4810, 72.44, 0.81, 0.72, NaiveBayes, 4810, 92.64, 0.95, 0.92, MultilayerPerceptron, 4810, 84.11, 0.9, 0.84, J48, 
4910, 83.66, 0.88, 0.85, SMO, 4910, 90.39, 0.94, 0.91, IBk, 4910, 90.04, 0.93, 0.9, IBk, 4910, 90.93, 0.94, 0.91, IBk, 4910, 91.11, 0.94, 0.91, IBk, 4910, 90.39, 0.94, 0.91, IBk, 4910, 90.31, 0.94, 0.91, IBk, 4910, 89.68, 0.93, 0.9, IBk, 4910, 90.39, 0.94, 0.91, IBk, 4910, 90.22, 0.93, 0.91, IBk, 4910, 72.44, 0.81, 0.72, NaiveBayes, 4910, 92.73, 0.95, 0.92, MultilayerPerceptron, 4910, 83.75, 0.9, 0.84, J48, 
5010, 85.01, 0.89, 0.86, SMO, 5010, 90.39, 0.94, 0.91, IBk, 5010, 90.04, 0.94, 0.9, IBk, 5010, 91.11, 0.94, 0.91, IBk, 5010, 90.75, 0.94, 0.91, IBk, 5010, 90.48, 0.94, 0.91, IBk, 5010, 90.13, 0.93, 0.9, IBk, 5010, 89.77, 0.93, 0.9, IBk, 5010, 90.13, 0.93, 0.9, IBk, 5010, 89.86, 0.93, 0.9, IBk, 5010, 72.53, 0.81, 0.72, NaiveBayes, 5010, 92.28, 0.95, 0.92, MultilayerPerceptron, 5010, 85.73, 0.91, 0.86, J48, 
5110, 84.74, 0.89, 0.86, SMO, 5110, 90.31, 0.94, 0.9, IBk, 5110, 90.04, 0.94, 0.9, IBk, 5110, 91.29, 0.94, 0.91, IBk, 5110, 90.75, 0.94, 0.91, IBk, 5110, 90.48, 0.94, 0.91, IBk, 5110, 90.13, 0.93, 0.9, IBk, 5110, 89.77, 0.93, 0.9, IBk, 5110, 90.13, 0.93, 0.9, IBk, 5110, 89.77, 0.93, 0.9, IBk, 5110, 72.35, 0.81, 0.72, NaiveBayes, 5110, 91.92, 0.95, 0.92, MultilayerPerceptron, 5110, 85.01, 0.9, 0.85, J48, 
5210, 85.28, 0.89, 0.87, SMO, 5210, 90.31, 0.94, 0.9, IBk, 5210, 89.41, 0.93, 0.9, IBk, 5210, 90.57, 0.94, 0.91, IBk, 5210, 91.2, 0.94, 0.91, IBk, 5210, 90.48, 0.94, 0.91, IBk, 5210, 90.31, 0.94, 0.9, IBk, 5210, 89.77, 0.93, 0.9, IBk, 5210, 89.68, 0.93, 0.9, IBk, 5210, 90.04, 0.93, 0.9, IBk, 5210, 72.98, 0.82, 0.73, NaiveBayes, 5210, 92.19, 0.95, 0.92, MultilayerPerceptron, 5210, 84.38, 0.9, 0.84, J48, 
5310, 85.37, 0.9, 0.87, SMO, 5310, 90.31, 0.94, 0.9, IBk, 5310, 89.32, 0.93, 0.9, IBk, 5310, 90.57, 0.94, 0.91, IBk, 5310, 91.11, 0.94, 0.91, IBk, 5310, 90.39, 0.94, 0.91, IBk, 5310, 90.22, 0.93, 0.9, IBk, 5310, 89.68, 0.93, 0.9, IBk, 5310, 89.95, 0.93, 0.9, IBk, 5310, 89.86, 0.93, 0.9, IBk, 5310, 73.16, 0.82, 0.74, NaiveBayes, 5310, 92.28, 0.95, 0.92, MultilayerPerceptron, 5310, 84.92, 0.9, 0.85, J48, 
5410, 85.37, 0.9, 0.87, SMO, 5410, 90.39, 0.94, 0.91, IBk, 5410, 89.32, 0.93, 0.9, IBk, 5410, 90.75, 0.94, 0.91, IBk, 5410, 91.02, 0.94, 0.91, IBk, 5410, 90.57, 0.94, 0.91, IBk, 5410, 90.22, 0.93, 0.9, IBk, 5410, 89.68, 0.93, 0.9, IBk, 5410, 89.95, 0.93, 0.9, IBk, 5410, 89.86, 0.93, 0.9, IBk, 5410, 73.25, 0.82, 0.74, NaiveBayes, 5410, 92.37, 0.95, 0.92, MultilayerPerceptron, 5410, 84.65, 0.9, 0.85, J48, 
5510, 85.46, 0.9, 0.87, SMO, 5510, 90.39, 0.94, 0.91, IBk, 5510, 89.32, 0.93, 0.9, IBk, 5510, 90.84, 0.94, 0.91, IBk, 5510, 91.11, 0.94, 0.91, IBk, 5510, 90.48, 0.94, 0.91, IBk, 5510, 90.22, 0.93, 0.9, IBk, 5510, 89.95, 0.93, 0.9, IBk, 5510, 90.04, 0.93, 0.9, IBk, 5510, 89.95, 0.93, 0.9, IBk, 5510, 73.16, 0.82, 0.74, NaiveBayes, 5510, 92.55, 0.95, 0.92, MultilayerPerceptron, 5510, 84.2, 0.9, 0.84, J48, 
5610, 85.46, 0.9, 0.87, SMO, 5610, 90.31, 0.94, 0.9, IBk, 5610, 89.32, 0.93, 0.89, IBk, 5610, 90.31, 0.94, 0.9, IBk, 5610, 90.84, 0.94, 0.91, IBk, 5610, 90.66, 0.94, 0.91, IBk, 5610, 90.22, 0.94, 0.9, IBk, 5610, 89.77, 0.93, 0.9, IBk, 5610, 89.95, 0.93, 0.9, IBk, 5610, 89.95, 0.93, 0.9, IBk, 5610, 72.98, 0.82, 0.74, NaiveBayes, 5610, 92.28, 0.95, 0.92, MultilayerPerceptron, 5610, 83.84, 0.89, 0.84, J48, 
5710, 85.46, 0.9, 0.87, SMO, 5710, 90.31, 0.94, 0.9, IBk, 5710, 89.68, 0.93, 0.9, IBk, 5710, 90.39, 0.94, 0.9, IBk, 5710, 90.93, 0.94, 0.91, IBk, 5710, 90.66, 0.94, 0.91, IBk, 5710, 90.48, 0.94, 0.91, IBk, 5710, 90.04, 0.93, 0.9, IBk, 5710, 90.04, 0.93, 0.9, IBk, 5710, 89.86, 0.93, 0.9, IBk, 5710, 72.98, 0.82, 0.74, NaiveBayes, 5710, 92.01, 0.95, 0.92, MultilayerPerceptron, 5710, 84.92, 0.9, 0.85, J48, 
5810, 85.64, 0.9, 0.87, SMO, 5810, 90.39, 0.94, 0.91, IBk, 5810, 89.77, 0.93, 0.9, IBk, 5810, 90.48, 0.94, 0.9, IBk, 5810, 91.02, 0.94, 0.91, IBk, 5810, 90.57, 0.94, 0.91, IBk, 5810, 90.39, 0.94, 0.91, IBk, 5810, 89.95, 0.93, 0.9, IBk, 5810, 90.13, 0.93, 0.9, IBk, 5810, 89.86, 0.93, 0.9, IBk, 5810, 72.98, 0.82, 0.74, NaiveBayes, 5810, 92.1, 0.95, 0.92, MultilayerPerceptron, 5810, 83.66, 0.89, 0.84, J48, 
5910, 85.64, 0.9, 0.87, SMO, 5910, 90.39, 0.94, 0.91, IBk, 5910, 89.77, 0.93, 0.9, IBk, 5910, 90.48, 0.94, 0.9, IBk, 5910, 91.2, 0.94, 0.91, IBk, 5910, 90.84, 0.94, 0.91, IBk, 5910, 90.39, 0.94, 0.91, IBk, 5910, 89.95, 0.93, 0.9, IBk, 5910, 90.04, 0.93, 0.9, IBk, 5910, 89.86, 0.93, 0.9, IBk, 5910, 72.89, 0.82, 0.73, NaiveBayes, 5910, 92.1, 0.95, 0.92, MultilayerPerceptron, 5910, 83.84, 0.9, 0.84, J48, 
